240566 0.0437634 0.017136 -0.195543 -0.830212 0 -20
240566 0.0760264 0.0761682 -0.165076 -0.830212 0 -20
240816 0.0426596 0.109483 -0.162399 -0.830212 0 -20
240816 0.00292345 0.0895485 -0.163288 -0.366693 0 -20
240816 -0.0716061 0.0312662 -0.184983 -0.830212 0 -20
240816 -0.0928542 -0.0338611 -0.18568 -0.830212 0 -20
240816 -0.0790064 -0.0632749 -0.176492 -0.830212 0 -20
240816 -0.0220796 -0.0540367 -0.170085 -0.690112 0 -20
240816 0.0322779 0.0247352 -0.146518 -0.830212 0 -20
240816 0.0647787 0.0840354 -0.165159 -0.830212 0 -20
240816 0.0229436 0.107736 -0.17853 -0.830212 0 -20
241066 -0.104123 0.0219496 -0.193489 -0.550039 0 -20
241066 -0.123451 -0.0397789 -0.170291 -0.690112 0 -20
241066 -0.102536 -0.060492 -0.15735 -0.830212 0 -20
241066 -0.0425786 -0.0418362 -0.151593 -0.830212 0 -20
241066 0.0175791 0.0314978 -0.138798 -0.830212 0 -20
241066 0.0674057 0.0965908 -0.154718 -0.830212 0 -20
241066 0.0265917 0.131832 -0.168747 -0.690112 0 -20
241066 -0.0309292 0.104025 -0.198025 -0.830212 0 -20
241066 -0.0860259 0.0360496 -0.210979 -0.830212 0 -20
241066 -0.112648 -0.0265745 -0.203592 -0.690112 0 -20
241316 -0.0902809 -0.0542174 -0.19128 -0.830212 0 -20
241316 -0.0316557 -0.0410425 -0.184363 -0.830212 0 -20
241316 0.0252204 0.0309503 -0.165434 -0.830212 0 -20
241316 0.0636375 0.0929801 -0.171116 -0.690112 0 -20
241316 0.0364011 0.118335 -0.159809 -0.830212 0 -20
241316 -0.0162732 0.0914185 -0.169013 -0.830212 0 -20
241316 -0.0763617 0.029926 -0.171173 -0.690112 0 -20
241316 -0.115817 -0.0323988 -0.149307 -0.690112 0 -20
241316 -0.101348 -0.0617366 -0.156754 -0.830212 0 -20
241316 -0.050691 -0.0441608 -0.156629 -0.830212 0 -20
241566 0.0135296 0.0181961 -0.174985 -0.830212 0 -20
241566 0.0402105 0.086084 -0.198211 -0.690112 0 -20
241566 0.0330748 0.121555 -0.202096 -0.830212 0 -20
241566 -0.026013 0.100875 -0.227999 -0.690112 0 -20
241566 -0.074285 0.0397528 -0.233253 -0.830212 0 -20
241566 -0.0983237 -0.0173321 -0.208807 -0.830212 0 -20
241566 -0.071946 -0.0520723 -0.20755 -0.690112 0 -20
241566 -0.0322112 -0.037895 -0.198131 -0.690112 0 -20
241566 0.0361422 0.0183848 -0.213517 -0.690112 0 -20
241566 0.0585598 0.0881608 -0.19738 -0.830212 0 -20
241816 0.0565748 0.12274 -0.198833 -0.690112 0 -20
241816 -0.0020941 0.0981282 -0.202068 -0.690112 0 -20
241816 -0.0476918 0.0335146 -0.205683 -0.690112 0 -20
241816 -0.0773479 -0.0318434 -0.214258 -0.690112 0 -20
241816 -0.0652815 -0.0688858 -0.215202 -0.830212 0 -20
241816 -0.0256984 -0.0439036 -0.210972 -0.690112 0 -20
241816 0.0337079 0.0220546 -0.233454 -0.830212 0 -20
241816 0.0374067 0.0863762 -0.211194 -0.830212 0 -20
241816 0.0330304 0.124393 -0.200433 -0.830212 0 -20
241816 -0.028738 0.102836 -0.178527 -0.690112 0 -20
242066 -0.0715369 0.0404285 -0.16099 -0.830212 0 -20
242066 -0.10295 -0.0333441 -0.141987 -0.830212 0 -20
242066 -0.0889488 -0.0674032 -0.146956 -0.830212 0 -20
242066 -0.0521814 -0.0389618 -0.137626 -0.830212 0 -20
242066 0.0163999 0.0218773 -0.184898 -0.550039 0 -20
242066 0.0309655 0.100058 -0.18031 -0.690112 0 -20
242066 0.0272278 0.143565 -0.216459 -0.690112 0 -20
242066 -0.0195433 0.118732 -0.222452 -0.690112 0 -20
242066 -0.0558215 0.0561202 -0.241792 -0.830212 0 -20
242066 -0.0658075 -0.0184044 -0.236206 -0.830212 0 -20
242316 -0.0489385 -0.0694873 -0.227146 -1.04432 0 -20
242316 -0.00807782 -0.0409115 -0.208502 -0.830212 0 -20
242316 0.0485736 0.0236672 -0.201437 -0.830212 0 -20
242316 0.0499364 0.0846949 -0.168351 -0.690112 0 -20
242316 0.0263475 0.118352 -0.16963 -0.690112 0 -20
242316 -0.0200875 0.0993269 -0.161346 -0.830212 0 -20
242316 -0.0858876 0.0443803 -0.151492 -0.830212 0 -20
242316 -0.0989888 -0.0181459 -0.150705 -0.830212 0 -20
242316 -0.0729247 -0.0613954 -0.152679 -0.830212 0 -20
242316 -0.0233169 -0.046636 -0.154717 -0.830212 0 -20
242566 0.0390941 0.0149418 -0.16669 -0.690112 0 -20
242566 0.0650923 0.0778961 -0.170516 -0.690112 0 -20
242566 0.0326991 0.109524 -0.212364 -0.830212 0 -20
242566 -0.00648307 0.0855384 -0.22565 -1.04432 0 -20
242566 -0.0700376 0.031064 -0.253782 -0.830212 0 -20
242566 -0.0817574 -0.0245921 -0.276744 -0.830212 0 -20
242566 -0.0580667 -0.0501341 -0.251519 -0.830212 0 -20
242566 -0.00173999 -0.0406846 -0.245887 -0.830212 0 -20
242566 0.041281 0.0251817 -0.217424 -0.830212 0 -20
242566 0.0591887 0.0756894 -0.201476 -0.830212 0 -20
242816 0.0134126 0.0904124 -0.210359 -0.690112 0 -20
242816 -0.035837 0.0677821 -0.209498 -0.830212 0 -20
242816 -0.0981787 0.0131203 -0.200105 -0.830212 0 -20
242816 -0.107701 -0.0449845 -0.197223 -0.830212 0 -20
242816 -0.0768688 -0.0616201 -0.189384 -0.830212 0 -20
242816 -0.0124027 -0.0400029 -0.193109 -0.830212 0 -20
242816 0.0387486 0.0370358 -0.19831 -0.830212 0 -20
242816 0.0619667 0.0869388 -0.209713 -0.830212 0 -20
242816 0.00690323 0.0926353 -0.236517 -0.830212 0 -20
242816 -0.0489689 0.05724 -0.25244 -0.690112 0 -20
243066 -0.100009 -0.00632186 -0.252351 -0.830212 0 -20
243066 -0.0943774 -0.0521257 -0.254491 -0.830212 0 -20
243066 -0.0620688 -0.0522829 -0.237109 -0.830212 0 -20
243066 0.00292618 -0.0148946 -0.237205 -0.830212 0 -20
243066 0.0349973 0.0662928 -0.221014 -0.830212 0 -20
243066 0.0542623 0.107509 -0.203382 -0.830212 0 -20
243066 -0.00395462 0.104432 -0.203363 -0.830212 0 -20
243066 -0.0476018 0.0646327 -0.204679 -0.830212 0 -20
243066 -0.0897988 -0.00222062 -0.18528 -0.830212 0 -20
243066 -0.0808947 -0.0466773 -0.194381 -0.830212 0 -20
243316 -0.045474 -0.0370812 -0.198872 -0.830212 0 -20
243316 0.0154305 0.0143227 -0.218882 -0.830212 0 -20
243316 0.0315868 0.0945137 -0.214633 -0.830212 0 -20
243316 0.0375219 0.131466 -0.203174 -0.830212 0 -20
243316 -0.0135527 0.106379 -0.196308 -0.830212 0 -20
243316 -0.0408174 0.0511339 -0.199984 -0.830212 0 -20
243316 -0.0668889 -0.0288177 -0.17754 -0.830212 0 -20
243316 -0.0501226 -0.0718511 -0.196256 -0.830212 0 -20
243316 -0.00897029 -0.0327947 -0.198201 -0.830212 0 -20
243316 0.0452973 0.0364921 -0.232473 -0.830212 0 -20
243566 0.0357464 0.102541 -0.227564 -0.690112 0 -20
243566 0.0175494 0.124548 -0.233821 -1.04432 0 -20
243566 -0.04802 0.0895348 -0.212812 -0.830212 0 -20
243566 -0.0738194 0.0333711 -0.196514 -0.690112 0 -20
243566 -0.0772677 -0.0301319 -0.184563 -0.550039 0 -20
243566 -0.0367246 -0.0570772 -0.181359 -0.550039 0 -20
243566 0.0145542 -0.0105254 -0.157121 -0.690112 0 -20
243566 0.0634934 0.0510145 -0.177813 -0.690112 0 -20
243566 0.0409457 0.0949758 -0.167682 -0.690112 -30 -20
243566 0.00841997 0.0976093 -0.206179 -0.690112 -30 -20
243816 -0.0704716 0.0321135 -0.210398 -0.690112 -30 -20
243816 -0.106694 -0.0577858 -0.209308 -0.830212 -30 -20
243816 -0.0999569 -0.162665 -0.213149 -0.830212 -30 -20
243816 -0.0658061 -0.23989 -0.221496 -0.690112 -30 -20
243816 -0.0401853 -0.272072 -0.23295 -0.690112 -30 -20
243816 -0.0097434 -0.28601 -0.284166 -0.690112 -30 -20
243816 -0.0642618 -0.299069 -0.318103 -0.690112 -30 -20
243816 -0.220913 -0.46573 -0.272448 -0.690112 -30 -20
244066 -0.193379 -0.503035 -0.228143 -0.830212 -30 -20
244066 -0.134102 -0.49866 -0.198612 -0.690112 -30 -20
244066 -0.0749364 -0.434536 -0.183159 -0.690112 -30 -20
244066 -0.0146275 -0.39578 -0.202117 -0.690112 -30 -20
244066 -0.0379566 -0.383537 -0.240477 -0.690112 -30 -20
244066 -0.0616342 -0.416746 -0.31041 -0.690112 -30 -20
244066 -0.0793208 -0.451768 -0.335748 -0.830212 -30 -20
244066 -0.0490709 -0.474913 -0.385853 -0.690112 -30 -20
244066 0.00314876 -0.440711 -0.429157 -0.690112 -30 -20
244066 0.0614138 -0.409959 -0.477475 -0.690112 -30 -20
244316 0.0645141 -0.344182 -0.502317 -0.690112 -30 -20
244316 0.0402301 -0.317088 -0.532124 -0.690112 -30 -20
244316 -0.0241561 -0.320011 -0.543531 -0.690112 -30 -20
244316 -0.0789257 -0.356398 -0.511128 -0.690112 -30 -20
244316 -0.0990928 -0.369849 -0.45294 -0.690112 -30 -20
244316 -0.0641815 -0.408769 -0.44912 -0.690112 -30 -20
244316 -0.00607517 -0.380963 -0.463816 -0.690112 -30 -20
244316 0.0512918 -0.348741 -0.496896 -0.830212 -30 -20
244316 0.0502012 -0.29491 -0.536219 -0.690112 -30 -20
244316 0.00699112 -0.276388 -0.55977 -0.690112 -30 -20
244566 -0.0445875 -0.267006 -0.577087 -0.690112 -30 -20
244566 -0.0745048 -0.297346 -0.567339 -0.690112 -30 -20
244566 -0.0584902 -0.316775 -0.544144 -0.690112 -30 -20
244566 -0.0169928 -0.337573 -0.543131 -0.690112 -30 -20
244566 0.0381265 -0.311853 -0.553504 -0.690112 -30 -20
244566 0.0741843 -0.287259 -0.588294 -0.690112 -30 -20
244566 0.0505806 -0.264064 -0.620812 -0.550039 -30 -20
244566 -0.025092 -0.267444 -0.60125 -0.690112 -30 -20
244566 -0.0872455 -0.267792 -0.586928 -0.690112 -30 -20
244566 -0.123235 -0.288805 -0.531788 -0.690112 -30 -20
244816 -0.0961332 -0.290384 -0.51497 -0.690112 -30 -20
244816 -0.0559313 -0.290207 -0.483656 -0.690112 -30 -20
244816 -0.00749396 -0.262117 -0.465154 -0.690112 -30 -20
244816 0.0175079 -0.232235 -0.484987 -0.690112 -30 -20
244816 0.00468628 -0.201656 -0.493224 -0.690112 -30 -20
244816 -0.0408972 -0.206565 -0.488243 -0.690112 -30 -20
244816 -0.0568323 -0.226256 -0.492186 -0.690112 -30 -20
244816 -0.0566289 -0.259565 -0.449292 -0.690112 -30 -20
244816 -0.00416197 -0.283082 -0.447711 -0.690112 -30 -20
244816 0.0490189 -0.29106 -0.452175 -0.690112 -30 -20
245066 0.100741 -0.259288 -0.460119 -0.690112 -30 -20
245066 0.0899249 -0.224312 -0.485269 -0.690112 -30 -20
245066 0.0495911 -0.214502 -0.491651 -0.690112 -30 -20
245066 -0.0272118 -0.241303 -0.467874 -0.690112 -30 -20
245066 -0.0513564 -0.282005 -0.470339 -0.690112 -30 -20
245066 -0.0620164 -0.328934 -0.422701 -0.690112 -30 -20
245066 0.0024369 -0.360759 -0.443319 -0.690112 -30 -20
245066 0.0465863 -0.366524 -0.451574 -0.690112 -30 -20
245066 0.0786797 -0.33794 -0.478545 -0.690112 -30 -20
245066 0.0415579 -0.305012 -0.504039 -0.830212 -30 -20
245316 -0.0160154 -0.294141 -0.496353 -0.690112 -30 -20
245316 -0.0994241 -0.323951 -0.4767 -0.690112 -30 -20
245316 -0.115073 -0.364803 -0.445621 -0.830212 -30 -20
245316 -0.121835 -0.39299 -0.375714 -0.830212 -30 -20
245316 -0.0481387 -0.411551 -0.394368 -0.690112 -30 -20
245316 0.00113222 -0.381652 -0.408761 -0.690112 -30 -20
245316 0.047111 -0.338806 -0.446999 -0.690112 -30 -20
245316 0.00834409 -0.305849 -0.481069 -0.690112 -30 -20
245316 -0.035498 -0.310661 -0.509813 -0.690112 -30 -20
245316 -0.0977092 -0.343812 -0.513999 -0.830212 -30 -20
245566 -0.0813654 -0.388477 -0.540306 -0.830212 -30 -20
245566 -0.0689047 -0.407457 -0.521431 -0.830212 -30 -20
245566 0.00155466 -0.412456 -0.541433 -0.830212 -30 -20
245566 0.0328507 -0.3699 -0.539675 -0.690112 -30 -20
245566 0.0525261 -0.334969 -0.556915 -0.690112 -30 -20
245566 -0.0123212 -0.326385 -0.55375 -0.830212 -30 -20
245566 -0.068865 -0.344134 -0.541142 -0.690112 -30 -20
245566 -0.125009 -0.358754 -0.488706 -0.690112 -30 -20
245566 -0.0972125 -0.395138 -0.486789 -0.690112 -30 -20
245566 -0.0790598 -0.40581 -0.449241 -0.690112 -30 -20
245816 0.00444488 -0.39505 -0.462471 -0.690112 -30 -20
245816 0.0337155 -0.343319 -0.462931 -0.690112 -30 -20
245816 0.0534349 -0.316131 -0.488955 -0.690112 -30 -20
245816 0.0014908 -0.316991 -0.508136 -0.690112 -30 -20
245816 -0.0227472 -0.353945 -0.531521 -0.830212 -30 -20
245816 -0.0457442 -0.384302 -0.517564 -0.830212 -30 -20
245816 -0.00201393 -0.422152 -0.524129 -0.830212 -30 -20
245816 0.0272401 -0.416309 -0.49969 -0.690112 -30 -20
245816 0.0899151 -0.383129 -0.506255 -0.690112 -30 -20
245816 0.0775819 -0.329602 -0.500202 -0.690112 -30 -20
246066 0.0447783 -0.320761 -0.470125 -0.830212 -30 -20
246066 -0.0233521 -0.330604 -0.460884 -0.690112 -30 -20
246066 -0.0600713 -0.372457 -0.440009 -0.690112 -30 -20
246066 -0.0841617 -0.40441 -0.387311 -0.830212 -30 -20
246066 -0.0328142 -0.444081 -0.394261 -0.830212 -30 -20
246066 0.0167249 -0.419934 -0.399392 -0.690112 0 -20
246066 0.0827747 -0.379127 -0.438594 -0.830212 0 -20
246066 0.0630666 -0.26732 -0.464784 -0.690112 0 -20
246066 0.0218017 -0.132103 -0.470441 -0.830212 0 -20
246066 -0.0396736 -0.0517559 -0.482672 -0.690112 0 -20
246316 -0.0535707 0.0105539 -0.504827 -0.830212 0 -20
246316 -0.0445965 0.049869 -0.500525 -0.830212 0 -20
246316 -0.00458634 0.0792049 -0.561441 -0.830212 0 -20
246316 0.00696742 0.151539 -0.595443 -0.830212 0 -20
246316 0.0120502 0.210121 -0.640875 -0.690112 0 -20
246316 -0.0581597 0.271271 -0.649076 -0.830212 0 -20
246316 -0.117386 0.299954 -0.62864 -0.830212 0 -20
246316 -0.152321 0.303853 -0.578672 -0.830212 0 -20
246316 -0.128994 0.281275 -0.493391 -0.830212 0 -20
246316 -0.0766272 0.259916 -0.429859 -0.830212 0 -20
246566 -0.00913701 0.224835 -0.389067 -0.830212 0 -20
246566 0.0531239 0.228082 -0.345803 -0.830212 0 -20
246566 0.0863786 0.232033 -0.349908 -0.830212 0 -20
246566 0.0286318 0.235967 -0.342679 -0.690112 0 -20
246566 -0.0419436 0.199587 -0.341437 -0.830212 0 -20
246566 -0.10337 0.123929 -0.323768 -0.830212 0 -20
246566 -0.127263 0.0348209 -0.285153 -0.830212 0 -20
246566 -0.111348 -0.0437253 -0.243469 -0.830212 0 -20
246566 -0.0603226 -0.0683239 -0.224243 -0.830212 0 -20
246566 -0.0199575 -0.0185892 -0.163893 -0.690112 0 -20
246816 0.0273147 0.0602746 -0.127822 -0.830212 0 -20
246816 0.00428825 0.104521 -0.112609 -0.690112 0 -20
246816 -0.016585 0.0888764 -0.109742 -0.830212 0 -20
246816 -0.054119 0.0225013 -0.129037 -0.830212 0 -20
246816 -0.0665615 -0.055663 -0.180578 -0.690112 0 -20
246816 -0.0357792 -0.0869832 -0.197053 -0.690112 0 -20
246816 0.029466 -0.065487 -0.230732 -0.690112 0 -20
246816 0.0635556 0.0053233 -0.227232 -0.690112 0 -20
246816 0.0845485 0.0721151 -0.232008 -0.690112 0 -20
246816 0.0457221 0.0833959 -0.231176 -0.550039 0 -20
247066 -0.0132932 0.044308 -0.232285 -0.550039 0 -20
247066 -0.0598227 -0.0165302 -0.221624 -0.690112 0 -20
247066 -0.0821565 -0.0716643 -0.215611 -0.690112 0 -20
247066 -0.0573076 -0.0699099 -0.200697 -0.690112 0 -20
247066 0.0024251 -0.0246988 -0.199315 -0.690112 0 -20
247066 0.0280614 0.0509374 -0.195542 -0.550039 0 -20
247066 0.0348372 0.105048 -0.18843 -0.690112 0 -20
247066 0.00841188 0.10862 -0.183059 -0.690112 0 -20
247066 -0.0503983 0.0510902 -0.179781 -0.690112 0 -20
247066 -0.0847003 -0.0158699 -0.151736 -0.550039 0 -20
247316 -0.0957492 -0.0677387 -0.148923 -0.550039 0 -20
247316 -0.0747716 -0.0537088 -0.131647 -0.690112 0 -20
247316 -0.013909 0.00501011 -0.137542 -0.690112 0 -20
247316 0.0132259 0.0803681 -0.153692 -0.550039 0 -20
247316 0.00694633 0.12754 -0.182039 -0.690112 0 -20
247316 -0.020559 0.107452 -0.181538 -0.690112 0 -20
247316 -0.0719434 0.0473593 -0.202537 -0.550039 0 -20
247316 -0.087657 -0.0176076 -0.214232 -0.550039 0 -20
247316 -0.0669872 -0.0567563 -0.208106 -0.690112 0 -20
247316 -0.018676 -0.040113 -0.200636 -0.690112 0 -20
247566 0.0317049 0.029045 -0.182108 -0.550039 0 -20
247566 0.0525762 0.0930958 -0.167728 -0.690112 0 -20
247566 0.0241294 0.119247 -0.185506 -0.690112 0 -20
247566 -0.00808567 0.0905121 -0.192672 -0.690112 0 -20
247566 -0.0662222 0.02423 -0.208196 -0.690112 0 -20
247566 -0.0754859 -0.0422714 -0.21047 -0.690112 0 -20
247566 -0.0462981 -0.0648421 -0.200948 -0.690112 0 -20
247566 0.0119353 -0.0369592 -0.190727 -0.550039 0 -20
247566 0.057119 0.0419889 -0.164927 -0.550039 0 -20
247566 0.0734617 0.0999841 -0.154039 -0.550039 0 -20
247816 0.0270349 0.107779 -0.171096 -0.690112 0 -20
247816 -0.0196563 0.0777119 -0.171415 -0.550039 0 -20
247816 -0.0801684 0.00822358 -0.179559 -0.550039 0 -20
247816 -0.0839448 -0.0481184 -0.182293 -0.690112 0 -20
247816 -0.0550542 -0.0577035 -0.181613 -0.690112 30 -20
247816 -0.000960104 -0.0274073 -0.19653 -0.690112 30 -20
247816 0.0341733 0.0609975 -0.19922 -0.690112 30 -20
247816 0.043655 0.164636 -0.204148 -0.690112 30 -20
247816 0.0113781 0.261164 -0.199976 -0.690112 30 -20
247816 -0.00297722 0.312294 -0.193514 -0.690112 30 -20
248066 0.00167261 0.348476 -0.205895 -0.690112 30 -20
248066 0.0369229 0.359851 -0.229271 -0.690112 30 -20
248066 0.0939946 0.401792 -0.250798 -0.550039 30 -20
248066 0.146365 0.455529 -0.276974 -0.690112 30 -20
248066 0.162984 0.526891 -0.250009 -0.690112 30 -20
248066 0.146124 0.569896 -0.246622 -0.690112 30 -20
248066 0.0786333 0.561259 -0.223343 -0.690112 30 -20
248066 0.0371941 0.517991 -0.192444 -0.690112 30 -20
248066 0.0098903 0.460582 -0.153109 -0.690112 30 -20
248066 0.0181635 0.418877 -0.153609 -0.690112 30 -20
248316 0.0686059 0.441357 -0.136849 -0.690112 30 -20
248316 0.121943 0.490367 -0.145175 -0.690112 30 -20
248316 0.126531 0.548249 -0.16769 -0.690112 30 -20
248316 0.099136 0.559941 -0.203429 -0.690112 30 -20
248316 0.00815426 0.526318 -0.256388 -0.690112 30 -20
248316 -0.0482843 0.475491 -0.295292 -0.690112 30 -20
248316 -0.0621915 0.418705 -0.308937 -0.690112 30 -20
248316 -0.0229639 0.39938 -0.301474 -0.690112 30 -20
248316 0.0346627 0.424954 -0.278652 -0.550039 30 -20
248316 0.0828159 0.459302 -0.262093 -0.690112 30 -20
248566 0.077017 0.484208 -0.223437 -0.690112 30 -20
248566 0.0403007 0.492634 -0.244137 -0.690112 30 -20
248566 -0.0364809 0.457297 -0.261813 -0.690112 30 -20
248566 -0.0629482 0.424426 -0.279617 -0.550039 30 -20
248566 -0.0445002 0.383887 -0.295212 -0.690112 30 -20
248566 0.0107562 0.372936 -0.30488 -0.690112 30 -20
248566 0.0741309 0.400066 -0.311723 -0.690112 30 -20
248566 0.118673 0.441963 -0.315074 -0.690112 30 -20
248566 0.100146 0.451234 -0.27889 -0.830212 30 -20
248566 0.0620697 0.45316 -0.29229 -0.550039 30 -20
248816 0.00499417 0.402571 -0.265261 -0.690112 30 -20
248816 -0.0130473 0.373635 -0.251376 -0.550039 30 -20
248816 0.0184292 0.349167 -0.267627 -0.690112 30 -20
248816 0.0862949 0.354425 -0.259658 -0.550039 30 -20
248816 0.129492 0.388553 -0.263101 -0.690112 30 -20
248816 0.135997 0.433137 -0.292554 -0.690112 30 -20
248816 0.0794835 0.444871 -0.296592 -0.690112 30 -20
248816 0.0199815 0.444466 -0.324771 -0.690112 30 -20
248816 -0.029512 0.394586 -0.32161 -0.830212 30 -20
248816 -0.0378662 0.374982 -0.33962 -0.690112 30 -20
249066 0.00690288 0.372518 -0.326184 -0.690112 30 -20
249066 0.0560803 0.391513 -0.325456 -0.690112 30 -20
249066 0.0750638 0.427373 -0.305781 -0.690112 30 -20
249066 0.0694752 0.466733 -0.317289 -0.690112 30 -20
249066 0.0110907 0.453807 -0.298358 -0.690112 30 -20
249066 -0.0381074 0.442823 -0.283542 -0.690112 30 -20
249066 -0.0527545 0.390529 -0.254252 -0.690112 30 -20
249066 -0.0313816 0.370951 -0.214873 -0.690112 30 -20
249066 0.0320019 0.362968 -0.16229 -0.690112 30 -20
249066 0.101122 0.383266 -0.123317 -0.830212 30 -20
249316 0.126495 0.414852 -0.0682348 -0.690112 30 -20
249316 0.111542 0.45192 -0.0794004 -0.690112 30 -20
249316 0.0328851 0.445564 -0.137017 -0.690112 30 -20
249316 -0.0356177 0.429038 -0.206258 -0.690112 30 -20
249316 -0.0554758 0.375349 -0.247422 -0.690112 30 -20
249316 -0.0286502 0.352477 -0.257872 -0.690112 30 -20
249316 0.0207944 0.361622 -0.263186 -0.690112 30 -20
249316 0.0829305 0.400001 -0.253995 -0.690112 30 -20
249316 0.0842429 0.432461 -0.222036 -0.690112 30 -20
249316 0.0659715 0.45944 -0.207578 -0.690112 30 -20
249566 0.0123769 0.435753 -0.197057 -0.690112 30 -20
249566 -0.0236054 0.422655 -0.201024 -0.690112 30 -20
249566 -0.0166973 0.387232 -0.19526 -0.690112 30 -20
249566 0.0328171 0.371061 -0.19509 -0.690112 30 -20
249566 0.0954567 0.386382 -0.193288 -0.690112 30 -20
249566 0.161662 0.433271 -0.18115 -0.690112 30 -20
249566 0.161209 0.469321 -0.164686 -0.690112 30 -20
249566 0.125993 0.483582 -0.163227 -0.690112 30 -20
249566 0.0558946 0.462191 -0.18325 -0.690112 30 -20
249566 -0.00901464 0.437862 -0.229826 -0.690112 30 -20
249816 -0.014387 0.403526 -0.260881 -0.830212 30 -20
249816 0.0294311 0.399183 -0.273707 -0.830212 30 -20
249816 0.0745776 0.414876 -0.30021 -0.690112 30 -20
249816 0.111189 0.466609 -0.298587 -0.690112 30 -20
249816 0.0882304 0.491802 -0.322205 -0.690112 30 -20
249816 0.0359615 0.486929 -0.316116 -0.690112 30 -20
249816 -0.0189156 0.446883 -0.303275 -0.690112 30 -20
249816 -0.0528669 0.41795 -0.296315 -0.690112 30 -20
249816 -0.0326564 0.385385 -0.283125 -0.690112 30 -20
249816 0.026735 0.396338 -0.245404 -0.690112 30 -20
250066 0.0891012 0.410134 -0.235234 -0.690112 30 -20
250066 0.111114 0.447919 -0.237315 -0.690112 30 -20
250066 0.0966304 0.457151 -0.247368 -0.690112 30 -20
250066 0.0400522 0.448321 -0.252119 -0.690112 30 -20
250066 0.00577367 0.416807 -0.2165 -0.690112 30 -20
250066 -0.00387625 0.386043 -0.175147 -0.830212 30 -20
250066 0.0227284 0.355048 -0.144755 -0.690112 30 -20
250066 0.0734888 0.361262 -0.110572 -0.690112 30 -20
250066 0.127428 0.377445 -0.100627 -0.690112 30 -20
250066 0.128145 0.419872 -0.118456 -0.690112 30 -20
250316 0.104735 0.440381 -0.145722 -0.690112 30 -20
250316 0.0226121 0.442634 -0.207415 -0.690112 30 -20
250316 -0.0330379 0.398423 -0.241761 -0.690112 30 -20
250316 -0.0591318 0.371671 -0.271021 -0.830212 30 -20
250316 -0.0184305 0.357142 -0.257668 -0.690112 30 -20
250316 0.033703 0.381924 -0.235547 -0.690112 30 -20
250316 0.0842301 0.416579 -0.207355 -0.690112 30 -20
250316 0.0853312 0.450898 -0.151919 -0.690112 30 -20
250316 0.0514779 0.467136 -0.160234 -0.690112 30 -20
250316 -0.0174411 0.453513 -0.177551 -0.690112 30 -20
250566 -0.0457893 0.416899 -0.187334 -0.690112 30 -20
250566 -0.0381235 0.389575 -0.227339 -0.690112 30 -20
250566 0.0263005 0.378468 -0.229022 -0.690112 30 -20
250566 0.0985708 0.411253 -0.215018 -0.690112 30 -20
250566 0.144891 0.454091 -0.213987 -0.690112 30 -20
250566 0.147427 0.47071 -0.146124 -0.690112 30 -20
250566 0.113596 0.480858 -0.152481 -0.690112 30 -20
250566 0.0363382 0.451743 -0.166674 -0.690112 0 -20
250566 0.00537786 0.415833 -0.187285 -0.690112 0 -20
250566 0.0151534 0.356957 -0.231022 -0.690112 0 -20
250816 0.0670731 0.239223 -0.261494 -0.830212 0 -20
250816 0.0881731 0.162055 -0.297347 -0.690112 0 -20
250816 0.0895422 0.111322 -0.368482 -0.690112 0 -20
250816 0.0356122 0.040715 -0.367816 -0.690112 0 -20
250816 -0.0106828 -0.0190912 -0.428652 -0.690112 0 -20
250816 -0.0718779 -0.092677 -0.429074 -0.690112 0 -20
250816 -0.0884987 -0.146061 -0.462581 -0.690112 0 -20
250816 -0.0529591 -0.176208 -0.479682 -0.690112 0 -20
250816 0.00947559 -0.180679 -0.477198 -0.690112 0 -20
250816 0.0434369 -0.142914 -0.471084 -0.690112 0 -20
251066 0.0614554 -0.101744 -0.468241 -0.690112 0 -20
251066 0.00133668 -0.067651 -0.438603 -0.690112 0 -20
251066 -0.0590302 -0.0399107 -0.400926 -0.690112 0 -20
251066 -0.109249 -0.0588747 -0.35132 -0.690112 0 -20
251066 -0.111099 -0.0839623 -0.302864 -0.690112 0 -20
251066 -0.0839988 -0.0673488 -0.247749 -0.830212 0 -20
251066 -0.0141361 -0.0295987 -0.19906 -0.690112 0 -20
251066 0.0532915 0.0419334 -0.142843 -0.690112 0 -20
251066 0.114532 0.099224 -0.117458 -0.690112 0 -20
251066 0.0805883 0.122491 -0.107817 -0.690112 0 -20
251316 0.0139076 0.0917079 -0.138643 -0.830212 0 -20
251316 -0.0482665 0.0351559 -0.188372 -0.690112 0 -20
251316 -0.0963894 -0.0228173 -0.2302 -0.690112 0 -20
251316 -0.0926088 -0.0489207 -0.257416 -0.690112 0 -20
251316 -0.0428949 -0.0345842 -0.261877 -0.830212 0 -20
251316 0.00277127 0.0357864 -0.266264 -0.690112 0 -20
251316 0.0336524 0.11332 -0.26676 -0.690112 0 -20
251316 0.0228317 0.138421 -0.251177 -0.690112 0 -20
251316 -0.0261186 0.115337 -0.245955 -0.690112 0 -20
251316 -0.071526 0.0599982 -0.240758 -0.690112 0 -20
251566 -0.102419 -0.013522 -0.221371 -0.690112 0 -20
251566 -0.0849629 -0.0469878 -0.222675 -0.690112 0 -20
251566 -0.0325121 -0.0276113 -0.209227 -0.690112 0 -20
251566 0.0224864 0.0297146 -0.223706 -0.690112 0 -20
251566 0.0545694 0.104468 -0.222308 -0.690112 0 -20
251566 0.0490694 0.12836 -0.216102 -0.690112 0 -20
251566 -0.0133658 0.0946563 -0.235174 -0.830212 0 -20
251566 -0.0582796 0.0329421 -0.237964 -0.690112 0 -20
251566 -0.0881131 -0.0273804 -0.226132 -0.830212 0 -20
251566 -0.0694511 -0.0584004 -0.22958 -0.690112 0 -20
251816 -0.026292 -0.0284228 -0.206008 -0.690112 0 -20
251816 0.0357249 0.0318211 -0.237066 -0.830212 0 -20
251816 0.0558423 0.102448 -0.242193 -0.690112 0 -20
251816 0.0524051 0.120773 -0.258415 -0.830212 0 -20
251816 -0.0106054 0.0900188 -0.276643 -0.690112 0 -20
251816 -0.0557207 0.0279489 -0.296255 -0.690112 0 -20
251816 -0.0858294 -0.0323389 -0.29466 -0.690112 0 -20
251816 -0.0687887 -0.061931 -0.296226 -0.690112 0 -20
251816 -0.0310966 -0.0236446 -0.2638 -0.690112 0 -20
251816 0.023776 0.0369539 -0.275608 -0.690112 0 -20
252066 0.0313184 0.0993334 -0.260104 -0.690112 0 -20
252066 0.0257223 0.117464 -0.269048 -0.690112 0 -20
252066 -0.0354805 0.088752 -0.266808 -0.690112 0 -20
252066 -0.0788787 0.0278214 -0.270298 -0.830212 0 -20
252066 -0.10308 -0.0338647 -0.262975 -0.830212 0 -20
252066 -0.0810879 -0.0675636 -0.254687 -0.830212 0 -20
252066 -0.0307982 -0.0286055 -0.210664 -0.830212 0 -20
252066 0.0368246 0.0272385 -0.226529 -0.830212 0 -20
252066 0.0587323 0.0959352 -0.207972 -0.830212 0 -20
252066 0.0549306 0.124988 -0.236793 -0.690112 0 -20
252316 -0.0123299 0.102936 -0.26652 -0.830212 0 -20
252316 -0.055183 0.0447451 -0.289237 -0.690112 0 -20
252316 -0.0865878 -0.0312468 -0.303352 -0.830212 0 -20
252316 -0.0782523 -0.0683236 -0.300244 -0.690112 0 -20
252316 -0.0398983 -0.029875 -0.274219 -0.830212 0 -20
252316 0.0213689 0.0330538 -0.289879 -0.830212 0 -20
252316 0.0306475 0.10212 -0.273796 -0.550039 0 -20
252316 0.0219087 0.127833 -0.281794 -0.550039 0 -20
252316 -0.0387322 0.105486 -0.283987 -0.690112 0 -20
252316 -0.0800191 0.0478922 -0.286142 -0.830212 0 -20
252566 -0.0956125 -0.0257026 -0.265376 -0.830212 0 -20
252566 -0.0827421 -0.0624285 -0.244304 -0.830212 0 -20
252566 -0.0344932 -0.0287074 -0.208704 -0.830212 0 -20
252566 0.030138 0.0252375 -0.212329 -0.690112 0 -20
252566 0.0477958 0.100218 -0.190833 -0.830212 0 -20
252566 0.0345243 0.123929 -0.224531 -0.550039 0 -20
252566 -0.0160171 0.101826 -0.239563 -0.690112 0 -20
252566 -0.0556917 0.0408936 -0.263633 -0.830212 -30 -20
252566 -0.0689566 -0.0300706 -0.280771 -0.690112 -30 -20
252566 -0.0564778 -0.0952613 -0.267798 -0.690112 -30 -20
252816 -0.0187697 -0.142349 -0.269694 -0.690112 -30 -20
252816 0.0174642 -0.162628 -0.305666 -0.830212 -30 -20
252816 0.00135486 -0.161719 -0.328059 -0.690112 -30 -20
252816 -0.048575 -0.178997 -0.35416 -0.690112 -30 -20
252816 -0.120826 -0.208412 -0.354769 -0.690112 -30 -20
252816 -0.186159 -0.262523 -0.322724 -0.690112 -30 -20
252816 -0.215183 -0.322039 -0.252848 -0.830212 -30 -20
252816 -0.211421 -0.377837 -0.177818 -0.830212 -30 -20
252816 -0.170841 -0.40086 -0.117828 -0.830212 -30 -20
252816 -0.113769 -0.407399 -0.115983 -0.690112 -30 -20
253066 -0.0692137 -0.368891 -0.137002 -0.690112 -30 -20
253066 -0.066188 -0.344487 -0.190263 -0.690112 -30 -20
253066 -0.0894687 -0.34906 -0.218407 -0.550039 -30 -20
253066 -0.130747 -0.410658 -0.245139 -0.550039 -30 -20
253066 -0.12723 -0.464263 -0.270419 -0.690112 -30 -20
253066 -0.106747 -0.488013 -0.283113 -0.690112 -30 -20
253066 -0.0316678 -0.461923 -0.322264 -0.690112 -30 -20
253066 0.0161164 -0.39743 -0.334854 -0.690112 -30 -20
253066 0.0509944 -0.328486 -0.371411 -0.830212 -30 -20
253066 0.000634755 -0.300748 -0.39389 -0.830212 -30 -20
253316 -0.0414186 -0.292334 -0.422529 -0.830212 -30 -20
253316 -0.0946409 -0.317062 -0.444652 -0.690112 -30 -20
253316 -0.0859529 -0.359292 -0.472827 -0.690112 -30 -20
253316 -0.063673 -0.382617 -0.485256 -0.690112 -30 -20
253316 0.00759525 -0.386891 -0.513922 -0.830212 -30 -20
253316 0.043649 -0.345763 -0.528632 -0.830212 -30 -20
253316 0.0673029 -0.296903 -0.571838 -0.830212 -30 -20
253316 -0.00175498 -0.262936 -0.566845 -0.830212 -30 -20
253316 -0.0635731 -0.243896 -0.56732 -0.690112 -30 -20
253316 -0.115224 -0.252671 -0.543179 -0.690112 -30 -20
253566 -0.0999873 -0.276 -0.525333 -0.690112 -30 -20
253566 -0.0668686 -0.276195 -0.519132 -0.690112 -30 -20
253566 0.00526737 -0.274338 -0.528098 -0.690112 -30 -20
253566 0.0510705 -0.222568 -0.54188 -0.830212 -30 -20
253566 0.0949717 -0.181087 -0.597835 -0.830212 -30 -20
253566 0.0268152 -0.143894 -0.600528 -0.690112 -30 -20
253566 -0.0235972 -0.142707 -0.595061 -0.690112 -30 -20
253566 -0.0757138 -0.147063 -0.543714 -0.830212 -30 -20
253566 -0.0608494 -0.175257 -0.513413 -0.830212 -30 -20
253566 -0.0179001 -0.189325 -0.49695 -0.690112 -30 -20
253816 0.0613995 -0.203094 -0.523018 -1.04432 -30 -20
253816 0.0875131 -0.166942 -0.522413 -0.690112 -30 -20
253816 0.0937694 -0.144743 -0.544799 -0.690112 -30 -20
253816 0.0117102 -0.120963 -0.518353 -0.690112 -30 -20
253816 -0.0589718 -0.126445 -0.450644 -0.830212 -30 -20
253816 -0.114158 -0.150888 -0.380653 -0.830212 -30 -20
253816 -0.117877 -0.193941 -0.304774 -0.830212 -30 -20
253816 -0.100291 -0.216313 -0.242701 -0.690112 -30 -20
253816 -0.0380618 -0.250259 -0.234675 -0.550039 -30 -20
253816 0.00764938 -0.22742 -0.22483 -0.830212 -30 -20
254066 0.0546378 -0.209511 -0.267705 -0.830212 -30 -20
254066 0.00410015 -0.181826 -0.297336 -0.830212 -30 -20
254066 -0.0635489 -0.199582 -0.328733 -0.690112 -30 -20
254066 -0.10515 -0.231274 -0.345 -0.830212 -30 -20
254066 -0.112157 -0.279479 -0.331564 -0.690112 -30 -20
254066 -0.0751727 -0.30626 -0.327796 -0.830212 -30 -20
254066 -0.00916492 -0.335653 -0.325752 -0.690112 -30 -20
254066 0.0213008 -0.300008 -0.318963 -0.690112 -30 -20
254066 0.0484171 -0.278374 -0.360189 -0.690112 -30 -20
254066 -0.00140086 -0.263778 -0.38825 -0.830212 -30 -20
254316 -0.0614421 -0.284788 -0.421933 -0.830212 -30 -20
254316 -0.106669 -0.316017 -0.417475 -0.690112 -30 -20
254316 -0.108576 -0.373301 -0.41852 -0.830212 -30 -20
254316 -0.0714597 -0.39013 -0.423466 -0.830212 -30 -20
254316 -0.00452055 -0.406672 -0.451135 -0.830212 -30 -20
254316 0.024049 -0.361679 -0.448277 -0.690112 -30 -20
254316 0.0362136 -0.319271 -0.46303 -0.690112 -30 -20
254316 -0.00955167 -0.297035 -0.460191 -0.830212 -30 -20
254316 -0.0744255 -0.310326 -0.474646 -0.690112 -30 -20
254316 -0.0994504 -0.327035 -0.481359 -0.830212 -30 -20
254566 -0.104381 -0.362347 -0.450865 -0.830212 0 -20
254566 -0.0558127 -0.383265 -0.44579 -0.830212 0 -20
254566 -0.00177019 -0.364957 -0.430627 -0.830212 0 -20
254566 0.0631785 -0.25443 -0.448503 -0.830212 0 -20
254566 0.0756765 -0.0936822 -0.400026 -0.690112 0 -20
254566 0.0630851 0.0305179 -0.41604 -0.690112 0 -20
254566 0.0236116 0.144465 -0.410539 -0.830212 0 -20
254566 0.00581272 0.167652 -0.444424 -0.830212 0 -20
254566 0.00341674 0.129727 -0.447164 -0.830212 0 -20
254566 0.033195 0.11987 -0.467149 -0.690112 0 -20
254816 0.0622026 0.161181 -0.468775 -0.830212 0 -20
254816 0.0888416 0.196671 -0.477194 -0.690112 0 -20
254816 0.0593069 0.246585 -0.448543 -0.690112 0 -20
254816 0.0167789 0.27084 -0.410747 -0.690112 0 -20
254816 -0.0735699 0.274491 -0.371643 -0.830212 0 -20
254816 -0.119455 0.245426 -0.307038 -0.830212 0 -20
254816 -0.123964 0.198203 -0.211804 -0.830212 0 -20
254816 -0.0812019 0.139006 -0.125544 -0.690112 0 -20
254816 -0.0190264 0.0783427 -0.0518206 -0.830212 0 -20
254816 0.0434923 0.0514164 -0.0424131 -0.690112 0 -20
255066 0.0644432 0.0901191 -0.047801 -0.690112 0 -20
255066 0.0721457 0.128716 -0.0658852 -0.830212 0 -20
255066 0.00348867 0.118389 -0.114806 -0.690112 0 -20
255066 -0.0505046 0.0667234 -0.170273 -0.830212 0 -20
255066 -0.0981765 -0.014514 -0.212775 -0.830212 0 -20
255066 -0.094788 -0.0651145 -0.219368 -0.690112 0 -20
255066 -0.0482167 -0.0544458 -0.217739 -0.830212 0 -20
255066 0.0209854 -0.0117563 -0.228949 -0.830212 0 -20
255066 0.0417714 0.0630878 -0.212434 -0.830212 0 -20
255066 0.0421141 0.104567 -0.224517 -0.830212 0 -20
255316 -0.0156616 0.0873519 -0.216786 -0.690112 0 -20
255316 -0.0612551 0.0336532 -0.20375 -0.690112 0 -20
255316 -0.098061 -0.0385393 -0.176758 -0.830212 0 -20
255316 -0.0955559 -0.0774358 -0.155226 -0.830212 0 -20
255316 -0.0495981 -0.0562098 -0.119707 -0.690112 0 -20
255316 0.0163318 -0.0043205 -0.124172 -0.830212 0 -20
255316 0.0587344 0.0848831 -0.104371 -0.830212 0 -20
255316 0.0676074 0.130145 -0.12976 -0.830212 0 -20
255316 0.0270041 0.113395 -0.130076 -0.830212 0 -20
255316 -0.0311539 0.0556472 -0.157993 -0.690112 0 -20
255566 -0.0754662 -0.020633 -0.153888 -0.690112 0 -20
255566 -0.0849215 -0.0616853 -0.164857 -0.830212 0 -20
255566 -0.0530731 -0.0351731 -0.132997 -0.690112 0 -20
255566 0.00604544 0.0217344 -0.133695 -0.690112 0 -20
255566 0.0400984 0.106973 -0.118951 -0.690112 0 -20
255566 0.043775 0.14236 -0.142731 -0.830212 0 -20
255566 0.0152708 0.122179 -0.136874 -0.830212 0 -20
255566 -0.0371141 0.0668301 -0.15615 -0.830212 0 -20
255566 -0.0727964 -0.00545743 -0.163779 -0.690112 0 -20
255566 -0.0794244 -0.0523766 -0.157695 -0.690112 0 -20
255816 -0.0387193 -0.0412621 -0.151013 -0.690112 0 -20
255816 0.0161951 0.0157102 -0.130179 -0.690112 0 -20
255816 0.0570637 0.0921839 -0.127113 -0.830212 0 -20
255816 0.0414679 0.133076 -0.140839 -0.830212 0 -20
255816 0.00817515 0.120724 -0.140328 -0.830212 0 -20
255816 -0.0591192 0.072044 -0.152272 -0.690112 0 -20
255816 -0.0934457 -0.000596078 -0.161403 -0.830212 0 -20
255816 -0.0983223 -0.0432818 -0.140653 -0.690112 0 -20
255816 -0.0498601 -0.0437835 -0.127131 -0.830212 0 -20
255816 0.00472622 0.0118623 -0.109985 -0.830212 0 -20
256066 0.0635683 0.0792339 -0.110364 -0.830212 0 -20
256066 0.0466555 0.126315 -0.156987 -0.690112 0 -20
256066 0.009737 0.115478 -0.178823 -0.830212 0 -20
256066 -0.0629196 0.0691871 -0.230559 -0.690112 0 -20
256066 -0.093318 -0.00466921 -0.261337 -0.830212 0 -20
256066 -0.0912915 -0.0452041 -0.255579 -0.830212 0 -20
256066 -0.0336299 -0.0499512 -0.247071 -0.690112 0 -20
256066 0.0228035 0.0113141 -0.209711 -0.830212 0 -20
256066 0.0772768 0.0855005 -0.19627 -0.830212 0 -20
256066 0.0609037 0.134128 -0.177771 -0.690112 0 -20
256316 0.0262729 0.126809 -0.17883 -0.830212 0 -20
256316 -0.0405639 0.0793776 -0.19505 -0.830212 0 -20
256316 -0.0722151 0.00780379 -0.204314 -0.830212 0 -20
256316 -0.0732371 -0.0402867 -0.184578 -0.830212 0 -20
256316 -0.026893 -0.0470573 -0.16443 -0.830212 0 -20
256316 0.0173746 0.0148583 -0.123405 -0.830212 0 -20
256316 0.068768 0.082141 -0.120038 -0.830212 0 -20
256316 0.0440916 0.12958 -0.132402 -0.830212 0 -20
256316 0.00085386 0.126349 -0.167285 -0.830212 0 -20
256316 -0.0723127 0.0721898 -0.200234 -0.690112 0 -20
256566 -0.101055 -0.00228135 -0.201952 -0.690112 0 -20
256566 -0.0844496 -0.0473123 -0.206349 -0.830212 0 -20
256566 -0.0311402 -0.0515323 -0.205261 -0.830212 0 -20
256566 0.0114702 0.0109556 -0.172758 -0.550039 0 -20
256566 0.0576039 0.0819041 -0.177056 -0.550039 0 -20
256566 0.0265185 0.13113 -0.139202 -0.830212 0 -20
256566 -0.0132949 0.120649 -0.153347 -0.830212 0 -20
256566 -0.0602157 0.0663404 -0.156182 -0.830212 0 -20
256566 -0.0755904 -0.00102191 -0.154104 -0.690112 0 -20
256566 -0.0551833 -0.0247728 -0.155136 -0.830212 0 -20
256816 0.00269844 -0.0202134 -0.156212 -0.830212 0 -20
256816 0.0429509 0.0504251 -0.136422 -1.04432 0 -20
256816 0.0738746 0.115752 -0.150537 -0.830212 0 -20
256816 0.0322945 0.135065 -0.128576 -0.830212 0 -20
256816 -0.0273417 0.113575 -0.143451 -0.830212 0 -20
256816 -0.0763543 0.0486074 -0.135476 -1.04432 0 -20
256816 -0.103829 -0.0217932 -0.141506 -0.830212 0 -20
256816 -0.0793489 -0.0355184 -0.13469 -0.830212 0 -20
256816 -0.0119563 -0.0126111 -0.135556 -0.830212 0 -20
256816 0.023592 0.0595797 -0.132032 -0.830212 0 -20
257066 0.0483092 0.119157 -0.141105 -0.830212 0 -20
257066 0.0190234 0.124973 -0.133067 -0.690112 0 -20
257066 -0.0407284 0.0805754 -0.175889 -0.830212 0 -20
257066 -0.0743182 0.0154224 -0.181371 -0.830212 0 -20
257066 -0.0822568 -0.0379127 -0.197282 -0.830212 0 -20
257066 -0.049709 -0.0286053 -0.188036 -0.830212 0 -20
257066 0.00837786 0.0156566 -0.159473 -0.830212 0 -20
257066 0.0351333 0.0806226 -0.148103 -0.830212 0 -20
257066 0.0317062 0.130408 -0.156089 -0.830212 0 -20
257066 0.00233754 0.11497 -0.134404 -0.830212 0 -20
257316 -0.0519098 0.0620031 -0.147685 -0.690112 0 -20
257316 -0.0805006 -0.00438645 -0.14123 -0.830212 0 -20
257316 -0.0789346 -0.0482116 -0.126367 -1.04432 0 -20
257316 -0.0333707 -0.0328664 -0.127444 -0.830212 0 -20
257316 0.0234331 0.0333799 -0.106539 -0.690112 0 -20
257316 0.0516751 0.0885412 -0.102505 -0.830212 0 -20
257316 0.0239014 0.129022 -0.171443 -0.830212 0 -20
257316 -0.00785329 0.106475 -0.164383 -0.830212 0 -20
257316 -0.065915 0.0417957 -0.221868 -0.690112 0 -20
257316 -0.0791245 -0.0262714 -0.236269 -0.690112 0 -20
257566 -0.0569684 -0.0608529 -0.208266 -0.830212 0 -20
257566 0.00448742 -0.0425149 -0.231747 -0.830212 0 -20
257566 0.0535782 0.0330807 -0.16685 -0.830212 0 -20
257566 0.0873064 0.0893 -0.153312 -0.690112 0 -20
257566 0.0439967 0.130516 -0.168707 -0.830212 0 -20
257566 -0.00276881 0.104701 -0.131221 -0.830212 0 -20
257566 -0.0664722 0.0432793 -0.161271 -0.830212 0 -20
257566 -0.0810188 -0.0164812 -0.156383 -0.690112 0 -20
257566 -0.0685792 -0.0425735 -0.136073 -0.690112 0 -20
257566 -0.0117573 -0.0308028 -0.16439 -0.830212 0 -20
257816 0.0346206 0.0438372 -0.137083 -0.830212 -30 -20
257816 0.0680385 0.100011 -0.141641 -0.830212 -30 -20
257816 0.0275175 0.13299 -0.191834 -0.690112 -30 -20
257816 -0.0167544 0.0867255 -0.15489 -0.830212 -30 -20
257816 -0.0798015 -0.00192202 -0.208656 -0.830212 -30 -20
257816 -0.0893051 -0.0870054 -0.223228 -0.830212 -30 -20
257816 -0.0805172 -0.161408 -0.21103 -0.690112 -30 -20
257816 -0.0214525 -0.209972 -0.266341 -0.690112 -30 -20
257816 -0.0146385 -0.213015 -0.232503 -0.830212 -30 -20
257816 -0.00761871 -0.208281 -0.250907 -0.830212 -30 -20
258066 -0.0704454 -0.218566 -0.28773 -0.830212 -30 -20
258066 -0.132192 -0.25693 -0.249438 -0.830212 -30 -20
258066 -0.175203 -0.330133 -0.245404 -0.830212 -30 -20
258066 -0.17892 -0.397753 -0.206543 -0.690112 -30 -20
258066 -0.16863 -0.434305 -0.139981 -0.830212 -30 -20
258066 -0.0907223 -0.447154 -0.175282 -0.690112 -30 -20
258066 -0.0681586 -0.388329 -0.150985 -0.830212 -30 -20
258066 -0.0364643 -0.355511 -0.189103 -0.830212 -30 -20
258066 -0.0831344 -0.350931 -0.23014 -0.830212 -30 -20
258066 -0.12846 -0.392635 -0.246011 -0.830212 -30 -20
258316 -0.130081 -0.44254 -0.301015 -0.830212 -30 -20
258316 -0.084177 -0.47293 -0.341601 -0.830212 -30 -20
258316 -0.0169624 -0.450983 -0.382443 -0.830212 -30 -20
258316 0.0828197 -0.423452 -0.472204 -0.830212 -30 -20
258316 0.0937322 -0.342277 -0.523466 -0.690112 -30 -20
258316 0.0721345 -0.314876 -0.565829 -0.830212 -30 -20
258316 0.00546373 -0.329922 -0.589585 -0.830212 -30 -20
258316 -0.0396999 -0.366944 -0.576675 -0.830212 -30 -20
258316 -0.0536416 -0.401052 -0.542152 -0.830212 -30 -20
258316 -0.0290084 -0.445724 -0.520963 -0.830212 -30 -20
258566 0.0320702 -0.414126 -0.510571 -0.830212 -30 -20
258566 0.0989156 -0.37675 -0.530824 -0.830212 -30 -20
258566 0.0956139 -0.318874 -0.547664 -0.690112 -30 -20
258566 0.0666654 -0.29858 -0.553437 -0.690112 -30 -20
258566 5.70321e-05 -0.301167 -0.565153 -0.830212 -30 -20
258566 -0.0465028 -0.3375 -0.554061 -0.830212 -30 -20
258566 -0.0508101 -0.350835 -0.525144 -0.830212 -30 -20
258566 -0.0196329 -0.376608 -0.518417 -0.830212 -30 -20
258566 0.0318736 -0.347319 -0.53404 -0.830212 -30 -20
258566 0.0706689 -0.32694 -0.562291 -0.830212 -30 -20
258816 0.0472018 -0.271101 -0.593003 -0.830212 -30 -20
258816 -0.0100039 -0.252523 -0.618254 -0.690112 -30 -20
258816 -0.0601916 -0.2429 -0.623944 -0.690112 -30 -20
258816 -0.091037 -0.265698 -0.608266 -0.830212 -30 -20
258816 -0.0681279 -0.28329 -0.598964 -0.830212 -30 -20
258816 -0.0156399 -0.30479 -0.596924 -0.830212 -30 -20
258816 0.0467969 -0.271609 -0.623376 -0.830212 -30 -20
258816 0.0904388 -0.245743 -0.656523 -0.830212 -30 -20
258816 0.0673861 -0.201944 -0.669942 -1.04432 -30 -20
258816 0.0140991 -0.175125 -0.680432 -0.830212 -30 -20
259066 -0.0519454 -0.166848 -0.66808 -0.830212 -30 -20
259066 -0.0974722 -0.190744 -0.624886 -0.690112 -30 -20
259066 -0.0864514 -0.189061 -0.611673 -0.830212 -30 -20
259066 -0.0534132 -0.195153 -0.579965 -0.830212 -30 -20
259066 0.00536123 -0.164179 -0.58598 -0.830212 -30 -20
259066 0.0523303 -0.134747 -0.596155 -0.830212 -30 -20
259066 0.0360538 -0.0886922 -0.59377 -0.830212 -30 -20
259066 -0.0160493 -0.0640107 -0.575346 -0.830212 -30 -20
259066 -0.058269 -0.0542817 -0.536623 -0.830212 -30 -20
259066 -0.0759885 -0.0697612 -0.473628 -0.830212 -30 -20
259316 -0.034429 -0.105279 -0.48616 -0.830212 -30 -20
259316 0.00747116 -0.142697 -0.461969 -0.830212 -30 -20
259316 0.074793 -0.139753 -0.49428 -1.04432 -30 -20
259316 0.107563 -0.124182 -0.528382 -0.830212 -30 -20
259316 0.0845765 -0.108784 -0.53281 -0.830212 -30 -20
259316 0.013706 -0.104393 -0.518823 -0.830212 -30 -20
259316 -0.0607762 -0.118619 -0.469702 -0.830212 -30 -20
259316 -0.128056 -0.15519 -0.389519 -1.04432 -30 -20
259316 -0.120491 -0.196361 -0.344039 -0.690112 -30 -20
259316 -0.107054 -0.23178 -0.263399 -0.830212 -30 -20
259566 -0.0414005 -0.251331 -0.248845 -0.830212 -30 -20
259566 0.000588746 -0.242076 -0.237267 -0.830212 -30 -20
259566 0.027621 -0.219835 -0.265669 -0.830212 -30 -20
259566 -0.0229035 -0.191293 -0.296907 -0.830212 -30 -20
259566 -0.0717521 -0.195338 -0.314993 -0.830212 -30 -20
259566 -0.101741 -0.228363 -0.350922 -0.830212 -30 -20
259566 -0.0828236 -0.281853 -0.390267 -0.830212 -30 -20
259566 -0.05068 -0.3134 -0.409847 -0.830212 -30 -20
259566 0.0339319 -0.323417 -0.456367 -0.830212 -30 -20
259566 0.0666174 -0.303509 -0.484722 -1.04432 -30 -20
259816 0.0891965 -0.273463 -0.537146 -0.830212 -30 -20
259816 0.0226517 -0.255328 -0.558332 -0.830212 -30 -20
259816 -0.0456208 -0.262703 -0.546088 -0.830212 -30 -20
259816 -0.102789 -0.290226 -0.509563 -0.830212 -30 -20
259816 -0.0955774 -0.32896 -0.493154 -0.830212 -30 -20
259816 -0.0752523 -0.347598 -0.471433 -0.830212 -30 -20
259816 0.00497431 -0.354778 -0.491172 -0.690112 -30 -20
259816 0.0460787 -0.331024 -0.502561 -1.04432 -30 -20
259816 0.0869104 -0.301786 -0.55707 -1.04432 -30 -20
259816 0.0287725 -0.277386 -0.572505 -0.830212 -30 -20
260066 -0.0207233 -0.28204 -0.585755 -0.830212 -30 -20
260066 -0.0687474 -0.300858 -0.565714 -0.830212 -30 -20
260066 -0.0490845 -0.342383 -0.57508 -0.830212 -30 -20
260066 -0.0209263 -0.366978 -0.566668 -0.830212 -30 -20
260066 0.0671448 -0.377519 -0.603064 -0.830212 -30 -20
260066 0.101561 -0.346109 -0.600801 -0.690112 -30 -20
260066 0.127452 -0.313177 -0.62998 -0.830212 -30 -20
260066 0.0665375 -0.290548 -0.622257 -0.830212 -30 -20
260066 0.00821064 -0.295764 -0.602593 -0.830212 -30 -20
260066 -0.0689213 -0.313004 -0.541086 -0.830212 -30 -20
260316 -0.0685991 -0.345694 -0.518434 -1.04432 -30 -20
260316 -0.0587189 -0.357013 -0.480804 -1.04432 -30 -20
260316 0.00343497 -0.372154 -0.489361 -1.04432 -30 -20
260316 0.0350869 -0.332102 -0.474177 -1.04432 -30 -20
260316 0.0752428 -0.297219 -0.506184 -0.830212 -30 -20
260316 0.0219118 -0.259041 -0.520276 -0.830212 -30 -20
260316 -0.0321085 -0.260838 -0.52573 -0.830212 -30 -20
260316 -0.0780194 -0.264351 -0.526589 -0.830212 -30 -20
260316 -0.0611431 -0.290526 -0.535996 -0.830212 -30 -20
260316 -0.0266539 -0.304443 -0.537669 -1.04432 -30 -20
260566 0.0547274 -0.314162 -0.569734 -0.830212 -30 -20
260566 0.0869926 -0.276313 -0.569167 -1.04432 -30 -20
260566 0.120763 -0.251669 -0.624993 -0.690112 -30 -20
260566 0.0545414 -0.228507 -0.63974 -0.830212 -30 -20
260566 -0.00335526 -0.236837 -0.63025 -1.04432 -30 -20
260566 -0.0771824 -0.255147 -0.575408 -1.04432 -30 -20
260566 -0.103189 -0.279609 -0.515001 -1.04432 -30 -20
260566 -0.085438 -0.284158 -0.464569 -0.830212 -30 -20
260566 -0.0252012 -0.297902 -0.44396 -0.830212 -30 -20
260566 0.0053641 -0.254199 -0.410717 -0.830212 -30 -20
260816 0.0507822 -0.226986 -0.438712 -0.830212 -30 -20
260816 3.94744e-06 -0.192237 -0.451983 -0.830212 -30 -20
260816 -0.0496865 -0.200651 -0.470431 -1.04432 -30 -20
260816 -0.0831844 -0.219788 -0.483476 -1.04432 -30 -20
260816 -0.0688039 -0.251023 -0.489553 -0.830212 -30 -20
260816 -0.0292199 -0.266716 -0.492751 -0.830212 -30 -20
260816 0.0370907 -0.286248 -0.521884 -1.04432 -30 -20
260816 0.0640723 -0.243245 -0.515614 -1.04432 -30 -20
260816 0.070249 -0.21753 -0.532575 -1.04432 -30 -20
260816 0.0132911 -0.203043 -0.528348 -1.04432 -30 -20
261066 -0.0542511 -0.222352 -0.476964 -0.830212 -30 -20
261066 -0.0874016 -0.244681 -0.469717 -1.04432 -30 -20
261066 -0.100311 -0.291412 -0.417632 -1.04432 -30 -20
261066 -0.0599816 -0.311623 -0.402352 -1.04432 -30 -20
261066 0.00382543 -0.337456 -0.417113 -1.04432 -30 -20
261066 0.0275793 -0.305664 -0.404229 -1.04432 -30 -20
261066 0.0623823 -0.283738 -0.454366 -1.04432 -30 -20
261066 0.0099834 -0.262477 -0.476396 -0.830212 -30 -20
261066 -0.0513085 -0.280915 -0.507641 -0.830212 -30 -20
261066 -0.0844305 -0.303136 -0.516428 -0.690112 -30 -20
261316 -0.0871627 -0.342992 -0.50126 -0.830212 -30 -20
261316 -0.0589403 -0.351212 -0.475734 -1.04432 -30 -20
261316 -0.000924622 -0.372486 -0.473628 -1.04432 -30 -20
261316 0.0274292 -0.329407 -0.472277 -1.04432 -30 -20
261316 0.0368447 -0.300172 -0.491994 -1.04432 -30 -20
261316 0.00106037 -0.293974 -0.51001 -1.04432 -30 -20
261316 -0.0461061 -0.321204 -0.515064 -1.04432 -30 -20
261316 -0.0770327 -0.350938 -0.509616 -1.04432 -30 -20
261316 -0.0822437 -0.408046 -0.490837 -1.04432 -30 -20
261316 -0.0475532 -0.416468 -0.471986 -1.04432 -30 -20
261566 0.0183646 -0.408906 -0.488106 -1.04432 -30 -20
261566 0.0435767 -0.362898 -0.487794 -1.04432 -30 -20
261566 0.0454664 -0.326554 -0.503563 -1.04432 -30 -20
261566 0.00740488 -0.319419 -0.525313 -1.04432 -30 -20
261566 -0.0602029 -0.35458 -0.517849 -1.04432 -30 -20
261566 -0.0880968 -0.380623 -0.506074 -1.04432 -30 -20
261566 -0.0912656 -0.418043 -0.461572 -0.830212 -30 -20
261566 -0.0507926 -0.423245 -0.452623 -1.04432 -30 -20
261566 0.0231845 -0.406406 -0.477608 -0.830212 -30 -20
261566 0.0646112 -0.361964 -0.487845 -1.04432 -30 -20
261816 0.0653038 -0.327883 -0.517633 -0.830212 -30 -20
261816 0.0338327 -0.330513 -0.541075 -1.04432 -30 -20
261816 -0.027835 -0.36929 -0.531062 -1.04432 -30 -20
261816 -0.0437757 -0.400395 -0.530458 -0.830212 -30 -20
261816 -0.0514622 -0.444985 -0.496406 -1.04432 -30 -20
261816 0.0114136 -0.448006 -0.526656 -0.830212 -30 -20
261816 0.0731378 -0.414809 -0.554078 -0.830212 -30 -20
261816 0.115879 -0.367159 -0.579589 -1.04432 -30 -20
261816 0.0877111 -0.330605 -0.587687 -1.04432 -30 -20
261816 0.0488612 -0.32157 -0.5857 -1.04432 -30 -20
262066 -0.035778 -0.350559 -0.542582 -0.830212 -30 -20
262066 -0.0603532 -0.374568 -0.506098 -0.830212 -30 -20
262066 -0.0768852 -0.395567 -0.446715 -0.830212 -30 -20
262066 -0.0242309 -0.408968 -0.447297 -0.830212 -30 -20
262066 0.0341303 -0.385936 -0.474658 -0.830212 -30 -20
262066 0.0822677 -0.354174 -0.499678 -1.04432 -30 -20
262066 0.064407 -0.308983 -0.547359 -1.04432 -30 -20
262066 -0.0704145 -0.363861 -0.535999 -0.830212 0 -20
262316 -0.0953959 -0.396248 -0.468012 -0.830212 0 -20
262316 -0.0539842 -0.389007 -0.458325 -0.830212 0 -20
262316 0.0223093 -0.249078 -0.470122 -0.830212 0 -20
262316 0.0704434 -0.107924 -0.417331 -0.830212 0 -20
262316 0.0731129 0.0622794 -0.435194 -0.830212 0 -20
262316 0.0579544 0.163116 -0.417924 -1.04432 0 -20
262316 0.0112556 0.176434 -0.436147 -1.04432 0 -20
262316 0.022793 0.134032 -0.461467 -1.04432 0 -20
262316 0.0579894 0.156675 -0.528512 -1.04432 0 -20
262566 0.089662 0.224001 -0.580774 -1.18442 0 -20
262566 0.103659 0.27294 -0.648872 -1.18442 0 -20
262566 0.013247 0.337689 -0.719761 -1.04432 0 -20
262566 -0.0681422 0.351279 -0.747887 -1.04432 0 -20
262566 -0.151114 0.339733 -0.747186 -1.18442 0 -20
262566 -0.172202 0.310844 -0.709987 -1.04432 0 -20
262816 0.0094177 0.229025 -0.325962 -0.830212 0 -20
262816 -0.0286309 0.208645 -0.269612 -0.830212 0 -20
262816 -0.105537 0.156061 -0.200266 -1.04432 0 -20
262816 -0.140504 0.09027 -0.109554 -1.04432 0 -20
262816 -0.162297 3.92597e-05 -0.0151667 -1.04432 0 -20
262816 -0.150057 -0.0420396 0.026923 -1.04432 0 -20
262816 -0.108564 -0.00470045 0.104043 -1.04432 0 -20
262816 -0.035231 0.0496106 0.116827 -1.04432 0 -20
262816 0.00669188 0.12863 0.135694 -0.830212 0 -20
262816 0.019703 0.151132 0.0812093 -0.830212 0 -20
263066 -0.0110247 0.100185 0.0345192 -1.04432 0 -20
263066 -0.0478643 0.0244693 -0.0377618 -1.04432 0 -20
263066 -0.0588593 -0.0588666 -0.100125 -1.04432 0 -20
263066 -0.0332645 -0.0943563 -0.157193 -1.04432 0 -20
263066 0.0187051 -0.0471716 -0.176806 -1.04432 0 -20
263066 0.0769207 0.0200047 -0.212182 -1.04432 0 -20
263066 0.0625227 0.0962437 -0.203841 -1.04432 0 -20
263066 0.0234706 0.125198 -0.245802 -1.04432 0 -20
263066 -0.0398953 0.0936234 -0.263564 -0.830212 0 -20
263066 -0.084894 0.0348494 -0.277022 -1.04432 0 -20
263316 -0.0811575 -0.0211834 -0.297102 -1.04432 0 -20
263316 -0.0500573 -0.0518398 -0.284727 -1.04432 0 -20
263316 0.0104143 -0.0190561 -0.261285 -0.830212 0 -20
263316 0.0641269 0.0383141 -0.227752 -1.04432 0 -20
263316 0.0808512 0.103699 -0.178367 -1.04432 0 -20
263316 0.0537529 0.128283 -0.176678 -1.04432 0 -20
263316 0.00879421 0.105788 -0.170656 -1.04432 0 -20
263316 -0.0436444 0.0553176 -0.198188 -0.830212 0 -20
263316 -0.065935 -0.00594128 -0.223768 -1.04432 0 -20
263316 -0.0557743 -0.0407923 -0.209195 -0.830212 0 -20
263566 0.000100335 -0.0216578 -0.21738 -1.04432 0 -20
263566 0.0442175 0.0385459 -0.186983 -1.04432 0 -20
263566 0.0725856 0.103482 -0.171984 -1.04432 0 -20
263566 0.0414106 0.134625 -0.172909 -1.04432 0 -20
263566 -0.00422169 0.120031 -0.148876 -1.04432 0 -20
263566 -0.0699102 0.0734643 -0.168722 -1.04432 0 -20
263566 -0.0962788 0.00272103 -0.184058 -0.830212 0 -20
263566 -0.0936835 -0.0384361 -0.184448 -0.830212 0 -20
263566 -0.0373034 -0.0322359 -0.188313 -1.04432 0 -20
263566 0.0117959 0.0272362 -0.160921 -0.830212 0 -20
263816 0.0649527 0.099508 -0.172654 -1.18442 0 -20
263816 0.0447787 0.150418 -0.193269 -1.04432 0 -20
263816 0.00711575 0.134097 -0.187515 -1.04432 0 -20
263816 -0.0627163 0.0833266 -0.212457 -1.04432 0 -20
263816 -0.0887398 0.010378 -0.227632 -0.830212 0 -20
263816 -0.0932313 -0.0367621 -0.221871 -0.830212 0 -20
263816 -0.0405174 -0.0374422 -0.215864 -1.04432 0 -20
263816 0.00706434 0.0256691 -0.181379 -1.04432 0 -20
263816 0.0598376 0.0987221 -0.16646 -1.04432 0 -20
263816 0.0425164 0.138532 -0.157881 -1.04432 0 -20
264066 0.00963768 0.125735 -0.152143 -1.04432 0 -20
264066 -0.0549779 0.0775619 -0.174876 -1.04432 0 -20
264066 -0.0750088 0.0036236 -0.191533 -1.04432 0 -20
264066 -0.0675849 -0.0437297 -0.202552 -0.830212 0 -20
264066 -0.0141084 -0.0454836 -0.212375 -1.04432 0 -20
264066 0.0299493 0.0217846 -0.18969 -1.04432 0 -20
264066 0.0693752 0.104146 -0.189179 -1.04432 0 -20
264066 0.0355799 0.14469 -0.1888 -1.04432 0 -20
264066 -0.0133146 0.119573 -0.187914 -1.04432 0 -20
264066 -0.0711204 0.0606024 -0.207873 -1.04432 0 -20
264316 -0.0805899 -0.00839892 -0.209684 -0.830212 0 -20
264316 -0.0649118 -0.0373816 -0.214041 -0.830212 0 -20
264316 -0.00551955 -0.013346 -0.230437 -0.830212 0 -20
264316 0.0322058 0.0613323 -0.212166 -1.04432 0 -20
264316 0.0588648 0.129805 -0.221066 -1.04432 0 -20
264316 0.0110316 0.147583 -0.232766 -1.04432 0 -20
264316 -0.0411341 0.103702 -0.227159 -0.830212 0 -20
264316 -0.0839895 0.0390181 -0.217672 -1.04432 0 -20
264316 -0.0816781 -0.0181064 -0.204019 -1.04432 0 -20
264316 -0.0597352 -0.0239079 -0.194647 -1.04432 0 -20
264566 0.00215397 0.00879285 -0.205302 -1.04432 0 -20
264566 0.0285462 0.089099 -0.199599 -0.830212 0 -20
264566 0.0368833 0.143101 -0.198538 -1.04432 30 -20
264566 -0.0116758 0.14509 -0.192548 -1.04432 30 -20
264566 -0.05289 0.174369 -0.202304 -1.04432 30 -20
264566 -0.0453052 0.243457 -0.158587 -1.04432 30 -20
264566 0.00426495 0.275839 -0.147923 -1.04432 30 -20
264566 0.076137 0.328657 -0.153825 -1.04432 30 -20
264566 0.14079 0.416466 -0.200268 -1.04432 30 -20
264566 0.168142 0.528142 -0.197286 -1.04432 30 -20
264816 0.164904 0.610213 -0.196345 -1.04432 30 -20
264816 0.110936 0.624497 -0.212232 -1.04432 30 -20
264816 0.0624969 0.560621 -0.226187 -1.04432 30 -20
264816 0.0171417 0.494936 -0.249996 -1.04432 30 -20
264816 0.03548 0.4471 -0.240385 -1.04432 30 -20
264816 0.0790969 0.46801 -0.206325 -1.04432 30 -20
264816 0.135374 0.520073 -0.19126 -1.04432 30 -20
264816 0.138117 0.571204 -0.172251 -1.04432 30 -20
264816 0.101918 0.579582 -0.184025 -0.830212 30 -20
264816 0.0316192 0.545617 -0.193207 -1.04432 30 -20
265066 -0.00999252 0.475937 -0.20723 -1.04432 30 -20
265066 -0.0131251 0.424684 -0.213549 -1.04432 30 -20
265066 0.0328878 0.388255 -0.204351 -1.04432 30 -20
265066 0.0956134 0.435741 -0.170099 -1.04432 30 -20
265066 0.129669 0.492786 -0.16385 -1.04432 30 -20
265066 0.112497 0.525156 -0.148877 -1.04432 30 -20
265066 0.0590103 0.517877 -0.184509 -1.04432 30 -20
265066 -0.00162755 0.47972 -0.216069 -0.830212 30 -20
265066 -0.0231713 0.421741 -0.256761 -1.04432 30 -20
265066 0.00784898 0.397606 -0.262735 -0.830212 30 -20
265316 0.0708214 0.391149 -0.261856 -1.04432 30 -20
265316 0.11788 0.436498 -0.261228 -1.04432 30 -20
265316 0.129877 0.473857 -0.261598 -1.04432 30 -20
265316 0.0901059 0.47445 -0.232809 -1.04432 30 -20
265316 0.038733 0.451934 -0.206382 -1.04432 30 -20
265316 -0.000866037 0.4243 -0.189495 -1.04432 30 -20
265316 0.00588072 0.387981 -0.172315 -0.830212 30 -20
265316 0.0531089 0.394176 -0.160271 -1.04432 30 -20
265316 0.121398 0.404999 -0.151091 -1.04432 30 -20
265316 0.146589 0.449578 -0.165471 -1.04432 30 -20
265566 0.143076 0.481396 -0.181317 -1.04432 30 -20
265566 0.0737683 0.488602 -0.212063 -1.04432 30 -20
265566 0.00690408 0.451252 -0.225869 -1.04432 30 -20
265566 -0.0299754 0.418669 -0.21328 -1.04432 30 -20
265566 -0.0182256 0.388744 -0.201699 -1.04432 30 -20
265566 0.0315906 0.406834 -0.176916 -0.830212 30 -20
265566 0.0922105 0.432634 -0.16524 -1.04432 30 -20
265566 0.105607 0.479711 -0.173797 -1.04432 30 -20
265566 0.0811217 0.498081 -0.207362 -1.04432 30 -20
265566 0.0115673 0.485858 -0.251091 -1.04432 30 -20
265816 -0.0370641 0.437338 -0.269014 -1.04432 30 -20
265816 -0.0437143 0.414622 -0.272744 -1.04432 30 -20
265816 -0.00192379 0.397608 -0.275239 -1.04432 30 -20
265816 0.065729 0.427355 -0.252532 -1.04432 30 -20
265816 0.11039 0.466924 -0.244619 -1.04432 30 -20
265816 0.102845 0.502473 -0.222669 -1.04432 30 -20
265816 0.0589032 0.504106 -0.233066 -0.830212 30 -20
265816 -0.0178058 0.484971 -0.255123 -1.04432 30 -20
265816 -0.0609032 0.438306 -0.270868 -1.04432 30 -20
265816 -0.0548802 0.410566 -0.259048 -1.04432 30 -20
266066 -0.00424342 0.401103 -0.246809 -1.04432 30 -20
266066 0.0504179 0.45448 -0.23245 -1.04432 30 -20
266066 0.0794989 0.509319 -0.236483 -0.830212 30 -20
266066 0.0676503 0.538487 -0.22261 -1.04432 30 -20
266066 0.0158291 0.525842 -0.25181 -1.04432 30 -20
266066 -0.0367945 0.485327 -0.243454 -1.04432 30 -20
266066 -0.0432763 0.425156 -0.23744 -1.04432 30 -20
266066 -0.00576297 0.398428 -0.205739 -1.04432 30 -20
266066 0.0639012 0.394846 -0.173993 -0.830212 30 -20
266066 0.130819 0.443323 -0.147309 -1.04432 30 -20
266316 0.154935 0.484476 -0.130836 -1.04432 30 -20
266316 0.118848 0.507679 -0.136063 -0.830212 30 -20
266316 0.0503083 0.496291 -0.175722 -1.04432 30 -20
266316 -0.0243479 0.464566 -0.227368 -1.04432 30 -20
266316 -0.0335066 0.418679 -0.25411 -1.04432 30 -20
266316 0.00166095 0.420985 -0.262548 -1.04432 30 -20
266316 0.059077 0.435369 -0.279084 -1.04432 30 -20
266316 0.0907917 0.483761 -0.291691 -1.04432 30 -20
266316 0.0807371 0.509922 -0.320218 -0.830212 30 -20
266316 0.035092 0.497183 -0.323394 -0.830212 30 -20
266566 -0.0145562 0.455478 -0.323885 -0.830212 30 -20
266566 -0.0459352 0.424167 -0.316434 -1.04432 30 -20
266566 -0.0252676 0.396073 -0.300113 -1.04432 30 -20
266566 0.0383931 0.412067 -0.258209 -1.04432 30 -20
266566 0.106897 0.434749 -0.236476 -1.04432 30 -20
266566 0.145459 0.482508 -0.213152 -1.04432 30 -20
266566 0.126802 0.494967 -0.233786 -1.04432 30 -20
266566 0.0738765 0.47165 -0.235953 -1.04432 30 -20
266566 0.0232558 0.428547 -0.231088 -1.04432 30 -20
266566 0.00832534 0.400826 -0.210123 -0.830212 30 -20
266816 0.0325297 0.384175 -0.190009 -1.18442 30 -20
266816 0.0859227 0.414967 -0.169127 -1.04432 30 -20
266816 0.120182 0.456729 -0.167552 -1.04432 30 -20
266816 0.109766 0.503627 -0.184097 -1.04432 30 -20
266816 0.053157 0.509236 -0.222194 -1.04432 30 -20
266816 -0.0270378 0.482496 -0.270935 -0.830212 30 -20
266816 -0.0794352 0.433761 -0.300809 -1.04432 30 -20
266816 -0.0742132 0.402904 -0.303037 -1.04432 30 -20
266816 -0.0334149 0.405363 -0.296542 -1.04432 30 -20
266816 0.0334652 0.451356 -0.270347 -0.830212 30 -20
267066 0.0593617 0.497442 -0.264125 -1.04432 30 -20
267066 0.0471127 0.523836 -0.248705 -1.04432 30 -20
267066 -0.00829011 0.511662 -0.266022 -1.04432 30 -20
267066 -0.0652614 0.478956 -0.265319 -1.04432 30 -20
267066 -0.0777513 0.431049 -0.260939 -1.04432 30 -20
267066 -0.0390165 0.407048 -0.242254 -1.04432 30 -20
267066 0.0252136 0.410457 -0.23 -0.830212 30 -20
267066 0.10039 0.446988 -0.194993 -1.04432 30 -20
267066 0.129505 0.481158 -0.168505 -1.04432 30 -20
267066 0.110064 0.496987 -0.148782 -1.04432 30 -20
267316 0.0542217 0.486605 -0.166597 -1.04432 30 -20
267316 -0.0123995 0.468116 -0.209262 -1.04432 30 -20
267316 -0.0263442 0.425906 -0.232717 -1.04432 30 -20
267316 0.0154717 0.411437 -0.233892 -1.04432 30 -20
267316 0.0625204 0.422047 -0.253452 -1.04432 30 -20
267316 0.103292 0.468471 -0.255391 -0.830212 30 -20
267316 0.0937786 0.502354 -0.266998 -1.04432 30 -20
267316 0.046087 0.514473 -0.269854 -0.830212 30 -20
267316 -0.00569043 0.48638 -0.264276 -1.04432 30 -20
267316 -0.0471499 0.459003 -0.277355 -0.830212 30 -20
267566 -0.0375371 0.420901 -0.281775 -0.830212 30 -20
267566 0.0243937 0.41811 -0.256665 -1.04432 30 -20
267566 0.0860769 0.434498 -0.261909 -1.04432 30 -20
267566 0.12696 0.477814 -0.237232 -1.04432 30 -20
267566 0.114874 0.499568 -0.240817 -0.830212 30 -20
267566 0.0680129 0.485457 -0.229995 -1.04432 30 -20
267566 0.0243536 0.442081 -0.217408 -1.04432 30 -20
267566 -0.00383231 0.415968 -0.192708 -1.04432 30 -20
267566 0.0214496 0.396255 -0.176949 -1.04432 30 -20
267566 0.0788109 0.414065 -0.155173 -1.04432 30 -20
267816 0.135517 0.4434 -0.13924 -1.04432 30 -20
267816 0.137442 0.489362 -0.154715 -1.04432 30 -20
267816 0.094511 0.502967 -0.189094 -1.04432 30 -20
267816 0.0164297 0.486362 -0.23106 -0.830212 30 -20
267816 -0.0420478 0.439091 -0.247941 -1.04432 30 -20
267816 -0.058007 0.407225 -0.249652 -1.04432 30 -20
267816 -0.022717 0.398305 -0.237469 -1.04432 30 -20
267816 0.0378035 0.423726 -0.217619 -1.18442 30 -20
267816 0.0769486 0.469268 -0.21729 -1.04432 30 -20
267816 0.0725876 0.513581 -0.219853 -1.04432 30 -20
268066 0.0288368 0.512075 -0.248637 -0.830212 30 -20
268066 -0.0311432 0.481565 -0.27021 -0.830212 30 -20
268066 -0.0628161 0.433076 -0.284286 -1.04432 30 -20
268066 -0.0396095 0.402815 -0.264604 -1.04432 30 -20
268066 0.0194567 0.402445 -0.240472 -1.04432 30 -20
268066 0.090407 0.446868 -0.209752 -1.04432 30 -20
268066 0.124375 0.494868 -0.178403 -1.04432 30 -20
268066 0.103041 0.530449 -0.177376 -1.04432 30 -20
268066 0.0501565 0.518331 -0.190938 -1.04432 30 -20
268066 -0.021614 0.477755 -0.233768 -1.04432 30 -20
268316 -0.0447884 0.426257 -0.254729 -0.830212 30 -20
268316 -0.0206618 0.398883 -0.268898 -1.04432 30 -20
268316 0.0304148 0.415167 -0.278192 -1.04432 30 -20
268316 0.0882007 0.46427 -0.26373 -1.04432 30 -20
268316 0.0871719 0.509235 -0.262001 -1.04432 30 -20
268316 0.0633587 0.526935 -0.237904 -0.830212 30 -20
268316 0.00816625 0.497841 -0.228305 -1.04432 30 -20
268316 -0.0306946 0.460464 -0.216911 -1.04432 30 -20
268316 -0.0262428 0.414455 -0.209075 -1.04432 30 -20
268316 0.0304381 0.399386 -0.180253 -0.830212 30 -20
268566 0.0871347 0.416708 -0.179429 -1.04432 30 -20
268566 0.139774 0.470958 -0.169567 -1.04432 30 -20
268566 0.134627 0.50414 -0.164362 -1.04432 30 -20
268566 0.09122 0.507136 -0.178475 -1.04432 30 -20
268566 0.0368999 0.469275 -0.180322 -1.04432 30 -20
268566 -0.00764372 0.433878 -0.20021 -1.04432 30 -20
268566 -0.0037325 0.404663 -0.219709 -1.04432 30 -20
268566 0.0553274 0.417973 -0.211068 -1.04432 30 -20
268566 0.104402 0.442467 -0.220043 -0.830212 30 -20
268566 0.121631 0.48816 -0.242149 -1.04432 30 -20
268816 0.0919869 0.499874 -0.257614 -1.04432 30 -20
268816 0.0268977 0.483086 -0.272644 -1.04432 30 -20
268816 -0.0305973 0.43883 -0.258399 -1.04432 30 -20
268816 -0.0494216 0.411774 -0.237022 -1.04432 30 -20
268816 -0.0251484 0.400865 -0.22588 -1.04432 30 -20
268816 0.0334766 0.42173 -0.205174 -1.04432 30 -20
268816 0.0685902 0.458381 -0.215186 -1.04432 30 -20
268816 0.0805822 0.512557 -0.220332 -0.830212 30 -20
268816 0.0443681 0.518968 -0.255837 -1.04432 30 -20
268816 -0.00136826 0.488592 -0.260004 -0.830212 30 -20
269066 -0.0474544 0.437965 -0.281907 -1.04432 30 -20
269066 -0.0316394 0.406668 -0.256498 -1.04432 30 -20
269066 0.0147265 0.400158 -0.231618 -1.04432 30 -20
269066 0.093335 0.428813 -0.184133 -1.04432 30 -20
269066 0.127555 0.475435 -0.165994 -1.04432 30 -20
269066 0.121037 0.51991 -0.159637 -1.04432 30 -20
269066 0.0665281 0.519262 -0.187665 -1.04432 30 -20
269066 -0.000693359 0.48844 -0.224288 -1.04432 30 -20
269066 -0.0335066 0.43641 -0.243135 -1.04432 30 -20
269066 -0.0153932 0.403889 -0.247899 -1.04432 30 -20
269316 0.0363131 0.411993 -0.232232 -1.04432 30 -20
269316 0.105692 0.459289 -0.196123 -1.04432 0 -20
269316 0.122089 0.502377 -0.183044 -1.04432 0 -20
269316 0.115829 0.513598 -0.142214 -1.04432 0 -20
269316 0.051541 0.436255 -0.142186 -0.830212 0 -20
269316 -0.0243471 0.328433 -0.153629 -1.04432 0 -20
269316 -0.058086 0.1817 -0.125388 -1.04432 0 -20
269316 -0.0596094 0.0346546 -0.140346 -1.04432 0 -20
269316 -0.0439063 -0.0553724 -0.141341 -1.04432 0 -20
269316 -0.0251861 -0.0437665 -0.179345 -1.04432 0 -20
269566 -0.035246 -0.0129547 -0.184482 -1.04432 0 -20
269566 -0.0595689 -0.0124219 -0.197992 -1.04432 0 -20
269566 -0.0853679 -0.0524001 -0.22617 -1.04432 0 -20
269566 -0.106941 -0.0978761 -0.233688 -1.04432 0 -20
269566 -0.0804855 -0.124949 -0.212132 -1.18442 0 -20
269566 -0.0225954 -0.100763 -0.177868 -1.04432 0 -20
269566 0.0400851 -0.0411429 -0.13486 -1.18442 0 -20
269566 0.0786165 0.0362121 -0.0935977 -1.04432 0 -20
269566 0.0842616 0.0979613 -0.0647183 -1.04432 0 -20
269566 0.0375382 0.10269 -0.0686399 -1.04432 0 -20
269816 -0.0184102 0.0470701 -0.0676735 -1.04432 0 -20
269816 -0.0672075 -0.0243189 -0.102743 -1.04432 0 -20
269816 -0.0699131 -0.0640548 -0.146504 -0.830212 0 -20
269816 -0.0403248 -0.0425158 -0.180225 -1.04432 0 -20
269816 0.0102878 0.0296838 -0.191812 -1.04432 0 -20
269816 0.0354841 0.116674 -0.21732 -1.04432 0 -20
269816 0.0296751 0.162413 -0.215131 -1.18442 0 -20
269816 -0.0339 0.144956 -0.227686 -1.04432 0 -20
269816 -0.0838253 0.0910123 -0.217505 -1.04432 0 -20
269816 -0.106844 0.0317859 -0.207635 -1.04432 0 -20
270066 -0.0870536 -0.00200744 -0.212708 -1.04432 0 -20
270066 -0.0459127 0.0228995 -0.211394 -0.830212 0 -20
270066 0.012667 0.0754244 -0.214622 -1.04432 0 -20
270066 0.030398 0.12572 -0.217523 -1.04432 0 -20
270066 0.0133721 0.152201 -0.239093 -1.04432 0 -20
270066 -0.0464542 0.128889 -0.263811 -1.04432 0 -20
270066 -0.0888832 0.0695757 -0.275093 -1.04432 0 -20
270066 -0.108402 0.01891 -0.272026 -1.04432 0 -20
270066 -0.0781811 -0.00533394 -0.27618 -1.04432 0 -20
270066 -0.0384262 0.0275437 -0.272107 -1.04432 0 -20
270316 0.0201329 0.0821849 -0.28192 -1.18442 0 -20
270316 0.0276851 0.134085 -0.268949 -1.04432 0 -20
270316 0.0144529 0.149376 -0.244448 -1.18442 0 -20
270316 -0.0436004 0.122667 -0.243052 -1.04432 0 -20
270316 -0.0812584 0.0570052 -0.233624 -1.04432 0 -20
270316 -0.0999563 0.00638352 -0.200181 -1.04432 0 -20
270316 -0.0686549 -0.0186573 -0.197294 -1.04432 0 -20
270316 -0.0215682 0.0175237 -0.168441 -1.04432 0 -20
270316 0.04335 0.0770996 -0.1785 -1.04432 0 -20
270316 0.0495154 0.126412 -0.17488 -1.04432 0 -20
270566 0.0318441 0.140884 -0.164306 -1.04432 0 -20
270566 -0.0283222 0.113609 -0.196258 -1.04432 0 -20
270566 -0.0707923 0.0475581 -0.202533 -1.18442 0 -20
270566 -0.0878557 0.00350773 -0.204637 -1.04432 0 -20
270566 -0.0524994 -0.0145272 -0.232476 -1.04432 0 -20
270566 -0.0151496 0.0330984 -0.204078 -1.04432 0 -20
270566 0.0339314 0.0976308 -0.23338 -1.04432 0 -20
270566 0.0173428 0.14188 -0.229836 -0.830212 0 -20
270566 -0.015019 0.140296 -0.197585 -1.04432 0 -20
270566 -0.0807103 0.0972062 -0.22441 -1.18442 0 -20
270816 -0.109161 0.0292695 -0.186451 -1.04432 0 -20
270816 -0.103839 -0.00431683 -0.166938 -1.04432 0 -20
270816 -0.0469022 -0.0101594 -0.171443 -1.18442 0 -20
270816 0.00837723 0.041931 -0.127156 -1.18442 0 -20
270816 0.0684796 0.104 -0.154403 -1.18442 0 -20
270816 0.0484675 0.148571 -0.180103 -1.18442 0 -20
270816 0.00704714 0.146218 -0.172937 -1.04432 0 -20
270816 -0.0597059 0.102054 -0.244893 -1.18442 0 -20
270816 -0.0909755 0.0304121 -0.228383 -1.04432 0 -20
270816 -0.0872112 -0.0095611 -0.238687 -1.18442 0 -20
271066 -0.0334083 -0.0153228 -0.25135 -1.04432 0 -20
271066 0.0130662 0.04305 -0.184737 -1.04432 0 -20
271066 0.0627475 0.107235 -0.20835 -1.04432 0 -20
271066 0.0384852 0.148827 -0.20012 -1.04432 0 -20
271066 -0.00868436 0.138832 -0.169432 -1.04432 0 -20
271066 -0.109801 0.0333886 -0.175728 -1.04432 0 -20
271316 0.0336226 0.152829 -0.215964 -1.04432 0 -20
271316 -0.0108733 0.138114 -0.21048 -1.18442 0 -20
271316 0.0577651 0.12007 -0.294472 -1.04432 0 -20
271316 0.0215632 0.158334 -0.279929 -1.04432 0 -20
271566 -0.11147 0.0161892 -0.248254 -0.830212 0 -20
271566 -0.0924869 -0.0180112 -0.238643 -1.04432 0 -20
271566 -0.0310312 -0.0189858 -0.213403 -1.04432 0 -20
271566 0.0264532 0.0429792 -0.168065 -1.18442 0 -20
271566 0.0811178 0.103362 -0.177034 -1.18442 0 -20
271566 0.0495109 0.149302 -0.171401 -1.04432 0 -20
271566 0.000455136 0.129171 -0.19216 -1.04432 0 -20
271566 -0.0651667 0.0799137 -0.236936 -1.04432 0 -20
271816 -0.0903058 0.0166047 -0.250949 -1.04432 0 -20
271816 -0.0811098 -0.0077808 -0.259624 -0.830212 0 -20
271816 -0.0221117 -0.0036597 -0.267142 -1.04432 0 -20
271816 0.0267244 0.0594248 -0.236528 -1.04432 0 -20
271816 0.063441 0.118129 -0.245492 -1.04432 0 -20
271816 0.0241466 0.148705 -0.221388 -1.04432 0 -20
271816 -0.0238526 0.12024 -0.20723 -1.04432 0 -20
271816 -0.0826974 0.0622013 -0.211108 -1.04432 0 -20
271816 -0.111951 0.00042469 -0.182296 -1.04432 0 -20
271816 -0.092271 -0.0218964 -0.184747 -1.04432 0 -20
272066 -0.035976 -0.0131935 -0.193897 -1.04432 0 -20
272066 0.0164559 0.0610262 -0.177064 -1.04432 0 -20
272066 0.0644619 0.128516 -0.211324 -1.04432 0 -20
272066 0.0272568 0.158211 -0.20378 -1.04432 0 -20
272066 -0.0249797 0.118821 -0.218239 -1.04432 0 -20
272066 -0.0810216 0.0520454 -0.239561 -1.04432 0 -20
272066 -0.0998354 -0.00902753 -0.23145 -1.04432 0 -20
272066 -0.0847152 -0.0205266 -0.229455 -1.18442 0 -20
272066 -0.0258977 -0.000121057 -0.238719 -1.18442 0 -20
272066 0.0240697 0.0795683 -0.21942 -0.830212 0 -20
272316 0.0640998 0.14539 -0.239709 -1.18442 0 -20
272316 0.0300204 0.168616 -0.227169 -1.04432 0 -20
272316 -0.0293454 0.139408 -0.223902 -1.04432 0 -20
272316 -0.0815332 0.0792748 -0.232535 -1.04432 0 -20
272316 -0.106318 0.013344 -0.21021 -1.04432 0 -20
272316 -0.0880845 -0.0120031 -0.207 -1.04432 0 -20
272316 -0.0353786 -0.0100593 -0.192365 -1.04432 0 -20
272316 0.0120667 0.0597901 -0.1797 -1.04432 0 -20
272316 0.0554482 0.123092 -0.187431 -1.04432 0 -20
272316 0.0377551 0.155862 -0.174914 -1.04432 0 -20
272566 -0.0208221 0.130634 -0.204561 -1.04432 0 -20
272566 -0.0662609 0.075454 -0.217962 -1.04432 0 -20
272566 -0.0943752 0.00605441 -0.23067 -1.04432 0 -20
272566 -0.0836746 -0.0144347 -0.231507 -1.04432 0 -20
272566 -0.0399091 0.00122896 -0.245697 -1.04432 0 -20
272566 0.0053812 0.064894 -0.248858 -1.04432 0 -20
272566 0.0369508 0.129028 -0.253399 -0.830212 0 -20
272566 0.0301559 0.159013 -0.24657 -1.04432 0 -20
272566 -0.027376 0.129751 -0.245053 -1.04432 0 -20
272566 -0.0727638 0.074415 -0.249599 -1.04432 0 -20
272816 -0.0981791 0.00593873 -0.233008 -1.04432 0 -20
272816 -0.0842851 -0.0248156 -0.231339 -1.18442 0 -20
272816 -0.0433393 -0.0140115 -0.212862 -1.04432 0 -20
272816 0.0159322 0.0402395 -0.20612 -1.04432 0 -20
272816 0.0490044 0.115395 -0.198841 -1.04432 0 -20
272816 0.0497695 0.153766 -0.193048 -0.830212 0 -20
272816 -0.0113157 0.138449 -0.192807 -1.04432 0 -20
272816 -0.0546956 0.0935272 -0.206413 -1.04432 0 -20
272816 -0.0953792 0.028459 -0.200268 -1.04432 0 -20
272816 -0.0861037 -0.0147221 -0.207891 -1.04432 0 -20
273066 -0.0542489 -0.0105383 -0.213675 -1.18442 0 -20
273066 0.0105379 0.0315641 -0.227171 -1.04432 0 -20
273066 0.0392834 0.112298 -0.231272 -1.18442 0 -20
273066 0.0502619 0.152052 -0.215379 -1.18442 0 -20
273066 -0.0079759 0.134227 -0.22576 -0.830212 0 -20
273066 -0.055508 0.084438 -0.228027 -1.18442 0 -20
273066 -0.0949018 0.018936 -0.213908 -1.04432 0 -20
273066 -0.0869557 -0.024407 -0.209722 -1.04432 0 -20
273066 -0.0549769 -0.015444 -0.192435 -1.04432 0 -20
273066 0.00784607 0.0283095 -0.199921 -1.18442 0 -20
273316 0.0376335 0.100918 -0.198889 -1.04432 0 -20
273316 0.0561874 0.145543 -0.189366 -1.04432 0 -20
273316 0.00148639 0.137144 -0.182863 -1.04432 0 -20
273316 -0.0399162 0.0900624 -0.18402 -0.830212 0 -20
273316 -0.081502 0.0241885 -0.173461 -1.04432 0 -20
273316 -0.0746128 -0.0184398 -0.195095 -1.04432 0 -20
273316 -0.0497035 -0.00768718 -0.198987 -1.04432 0 -20
273316 0.0121702 0.0321219 -0.227133 -1.04432 0 -20
273316 0.0349241 0.103304 -0.235698 -1.04432 0 -20
273316 0.0401737 0.138935 -0.252128 -1.04432 0 -20
273566 -0.0188826 0.124491 -0.25876 -1.04432 0 -20
273566 -0.058316 0.0763334 -0.272532 -1.04432 0 -20
273566 -0.0925364 0.0103513 -0.255996 -1.04432 0 -20
273566 -0.080869 -0.026906 -0.240247 -1.04432 0 -20
273566 -0.0405612 -0.00781596 -0.209739 -1.04432 0 -20
273566 0.0226538 0.030665 -0.227279 -1.04432 0 -20
273566 0.0490391 0.0966141 -0.213071 -1.04432 0 -20
273566 0.0566681 0.139065 -0.222572 -1.04432 0 -20
273566 -0.0090729 0.126277 -0.221005 -1.04432 0 -20
273566 -0.0482497 0.0811379 -0.223493 -1.04432 0 -20
273816 -0.0776541 0.020783 -0.200233 -1.04432 0 -20
273816 -0.0705832 -0.0135136 -0.194019 -1.18442 0 -20
273816 -0.0352767 0.0139284 -0.183951 -1.04432 0 -20
273816 0.0253932 0.0581774 -0.19531 -1.18442 0 -20
273816 0.0476997 0.129425 -0.187819 -1.04432 0 -20
273816 0.0487773 0.1582 -0.205874 -1.04432 0 -20
273816 -0.0136909 0.137013 -0.220844 -1.04432 0 -20
273816 -0.0576354 0.0820375 -0.233858 -1.04432 0 -20
273816 -0.0958297 0.0116203 -0.222908 -1.04432 0 -20
273816 -0.0949809 -0.0279996 -0.205224 -0.830212 0 -20
274066 -0.0525976 -0.00591592 -0.187581 -1.04432 0 -20
274066 0.0142899 0.0378194 -0.184205 -1.04432 0 -20
274066 0.0473675 0.112945 -0.171527 -1.04432 0 -20
274066 0.0560349 0.147707 -0.196373 -1.04432 0 -20
274066 -0.00452411 0.129943 -0.214664 -1.04432 0 -20
274066 -0.0591424 0.0799246 -0.24683 -1.04432 0 -20
274066 -0.0977651 0.0118558 -0.24389 -1.04432 0 -20
274066 -0.0986668 -0.0257295 -0.242867 -1.04432 0 -20
274066 -0.059427 0.00421811 -0.217077 -0.830212 0 -20
274066 0.0043361 0.0462046 -0.213669 -1.18442 0 -20
274316 0.0322577 0.121097 -0.199609 -1.04432 0 -20
274316 0.029091 0.15346 -0.214664 -1.04432 0 -20
274316 -0.0142872 0.135969 -0.217251 -1.04432 0 -20
274316 -0.0619719 0.0799134 -0.226184 -1.04432 0 -20
274316 -0.0877891 0.0106212 -0.218491 -1.04432 0 -20
274316 -0.0870764 -0.0263591 -0.209714 -1.04432 0 -20
274316 -0.0442539 0.00150554 -0.183808 -1.04432 0 -20
274316 0.0178366 0.0478954 -0.165226 -1.04432 0 -20
274316 0.0440576 0.12298 -0.15415 -1.04432 0 -20
274316 0.0402493 0.154664 -0.166227 -1.18442 0 -20
274566 -0.00483902 0.145681 -0.179466 -1.18442 0 -20
274566 -0.0654363 0.101952 -0.205294 -1.04432 0 -20
274566 -0.0963954 0.0385788 -0.208699 -1.18442 0 -20
274566 -0.0939313 -0.00568925 -0.217976 -1.04432 0 -20
274566 -0.0576607 0.0107587 -0.209907 -1.04432 0 -20
274566 -0.000286152 0.0605082 -0.194892 -1.04432 0 -20
274566 0.0357077 0.127545 -0.197059 -1.18442 0 -20
274566 0.029214 0.1598 -0.203014 -1.18442 0 -20
274566 -0.00137898 0.14963 -0.192503 -1.18442 0 -20
274566 -0.0570006 0.0952664 -0.20145 -1.04432 0 -20
274816 -0.0869004 0.0250162 -0.217733 -1.04432 0 -20
274816 -0.0906121 -0.017724 -0.195871 -1.04432 0 -20
