199008 -0.00681145 0.0720064 0.160761 -3.61414 -9.67021 -23.8241
199258 -0.0698602 -0.0019997 0.153332 3.63129 -2.192 -9.24872
199258 -0.105633 -0.0623599 0.149719 -3.83534 0.290038 -2.13582
199258 -0.0963919 -0.0916749 0.166786 6.5115 -1.58705 -4.76571
199258 -0.0536341 -0.0691962 0.176223 16.0798 0.738396 -3.57397
199258 0.017776 -0.00972615 0.174433 4.33221 -0.161542 -20.1619
199258 0.0610358 0.0522858 0.17989 5.32971 -3.48413 0.279172
199258 0.0832281 0.103151 0.176672 -12.4721 2.13464 -25.6861
199258 0.0345228 0.121434 0.161532 -10.0717 8.13954 3.94125
199258 -0.0214777 0.0811172 0.153165 3.75694 -2.55209 -32.7146
199258 -0.0887872 0.0105997 0.142447 7.46313 3.85924 10.5933
199508 -0.113246 -0.0671285 0.137252 -2.25579 -3.49623 -28.3313
199508 -0.104224 -0.100976 0.138132 4.16413 2.77603 16.7915
199508 -0.0428656 -0.0881659 0.135447 -1.05848 -0.363906 -30.3623
199508 0.00967488 -0.0337109 0.133344 -5.63833 8.92962 14.4743
199508 0.0726525 0.037426 0.132998 11.5539 -12.3364 -40.4386
199508 0.0569412 0.106836 0.130577 -20.7871 4.99667 8.32822
199508 0.0290305 0.121549 0.09844 -2.97854 7.1955 -32.8354
199508 -0.035604 0.0748031 0.0795403 -6.22779 1.26451 20.0134
199508 -0.0834353 0.00262444 0.0595259 12.9344 -13.7673 -22.837
199508 -0.0939873 -0.0616891 0.0561742 12.7219 -20.1583 -3.05449
199758 -0.0678253 -0.0915986 0.0852073 -18.0741 -1.51543 -30.9221
199758 -0.0353479 -0.0568321 0.136214 19.4001 -1.06274 40.5244
199758 0.0292389 0.00997239 0.175961 6.49994 7.26877 -21.1051
199758 0.0619341 0.0839037 0.201357 -1.78584 21.3768 3.34486
199758 0.0756894 0.129293 0.182403 0.52417 5.83311 -16.8602
199758 0.0512048 0.111264 0.17152 11.2096 -14.0024 -15.2573
199758 -0.0176674 0.0532571 0.142031 -4.02165 -5.31733 -27.2021
199758 -0.0661506 -0.0259992 0.12045 -4.76471 -15.1187 -16.207
199758 -0.101179 -0.0922652 0.0953585 -3.8406 2.14612 -1.87087
199758 -0.0871261 -0.0998342 0.109442 -11.524 -5.73476 -23.2849
200008 -0.0409361 -0.0352465 0.126454 18.999 6.15149 -3.24552
200008 0.0206861 0.0419361 0.117132 -9.07151 13.037 -25.4677
200008 0.0521801 0.114139 0.117165 -19.1282 15.2193 -1.77025
200008 0.0597138 0.124688 0.108379 9.19154 6.06325 -34.6216
200008 -0.0027119 0.0916435 0.108619 -10.6486 -6.25379 1.92675
200008 -0.0539894 0.0259736 0.111357 11.0755 -0.041345 -39.466
200008 -0.103998 -0.0419756 0.100739 -1.75255 13.2891 4.08426
200008 -0.0997771 -0.0806661 0.11406 4.3256 -5.94308 -36.77
200008 -0.058159 -0.0794961 0.124686 7.84557 -15.4703 8.356
200008 0.0165605 -0.0397921 0.132165 -13.3475 -0.00218273 -43.2408
200258 0.0614294 0.0390313 0.14568 -15.8241 18.6428 18.4488
200258 0.0982435 0.0928043 0.14965 2.7149 3.79588 -40.4219
200258 0.0528691 0.122612 0.148278 -17.3036 16.5853 12.4634
200258 -0.00905417 0.0957391 0.132122 2.38542 -3.39181 -26.5111
200258 -0.0840586 0.027638 0.124109 -12.2843 11.1253 21.4019
200258 -0.121099 -0.0336264 0.130503 1.88473 -0.322466 -27.0078
200258 -0.108695 -0.0803533 0.143643 14.0859 -6.75711 8.97786
200258 -0.0557545 -0.083958 0.155538 -8.57372 2.46257 -30.69
200258 0.0112749 -0.0414569 0.179579 23.2455 -5.13054 10.965
200258 0.0763724 0.0137443 0.169102 -2.73996 14.0098 -18.5547
200508 0.0872427 0.0896494 0.174922 -7.03099 16.6633 -14.9666
200508 0.056926 0.121589 0.129203 7.03524 -14.2603 -24.5586
200508 -0.00227057 0.0977668 0.0947792 7.56458 -7.84785 5.39219
200508 -0.067781 0.0349811 0.0756219 6.84324 -7.72756 -9.92984
200508 -0.102194 -0.0485429 0.0573059 0.441245 -3.92351 -7.35139
200508 -0.104583 -0.0943827 0.0707893 8.54435 2.91429 -4.11333
200508 -0.0587207 -0.0918557 0.102661 -13.3935 -1.59309 -20.2592
200508 -0.00821647 -0.030333 0.135609 12.748 -13.8098 1.16266
200508 0.0565818 0.0518063 0.165131 -9.38728 13.6116 -22.7839
200508 0.0763563 0.118402 0.174319 -22.8293 14.9887 3.74648
200758 0.0723436 0.13189 0.182339 4.39435 4.46537 -36.183
200758 0.00342622 0.0948683 0.181523 11.9584 -9.04796 6.01984
200758 -0.0598483 0.0166536 0.179001 7.54149 4.09582 -37.6626
200758 -0.112935 -0.0523811 0.184128 6.23051 4.43881 13.7894
200758 -0.116686 -0.0919688 0.19441 7.74413 -8.07918 -34.7293
200758 -0.0840572 -0.0744691 0.210887 -1.94135 2.73603 14.778
200758 -0.00219812 -0.0104989 0.20359 -8.67749 -10.1013 -39.578
200758 0.0432952 0.0690212 0.187946 -22.9585 -6.56776 9.08513
200758 0.0848557 0.115737 0.174044 -1.32758 -0.37527 -39.1632
200758 0.0413087 0.1245 0.149112 -19.402 2.45217 14.1133
201008 -0.0300511 0.0883207 0.13353 -1.19817 1.11518 -26.641
201008 -0.0882221 0.0255812 0.117446 18.6436 3.14499 17.4568
201008 -0.118342 -0.045062 0.115077 9.10178 -5.21954 -21.817
201008 -0.0956965 -0.0871983 0.11454 24.7925 -11.3466 8.07001
201008 -0.0287838 -0.0904683 0.123977 -0.902269 -1.27408 -27.3586
201008 0.0287121 -0.0453934 0.137708 -17.3512 12.4969 10.3323
201008 0.0883101 0.0192538 0.151753 -6.04528 14.9854 -28.2475
201008 0.084112 0.0873218 0.169151 4.99015 11.2596 -7.9523
201008 0.036007 0.120753 0.162496 6.5563 -3.11858 -10.6443
201008 -0.0192584 0.0962929 0.146704 1.64153 -13.0479 3.26905
201258 -0.0921999 0.0284665 0.137835 5.46468 -1.18464 -15.081
201258 -0.118975 -0.0448797 0.130272 3.28515 -0.187405 -10.2142
201258 -0.111586 -0.0948049 0.11789 5.03821 3.25584 -3.63171
201258 -0.0665232 -0.0871193 0.133734 -5.00914 -2.398 -22.5487
201258 -0.0079288 -0.019404 0.144663 10.9861 -7.6565 -3.93833
201258 0.055194 0.052323 0.153916 -2.77677 0.522837 -31.4041
201258 0.0682977 0.123675 0.131983 -23.1718 11.0435 0.559686
201258 0.0638679 0.130249 0.111366 2.31045 -0.722516 -34.563
201258 -0.00906822 0.0854094 0.0826609 3.137 3.14094 7.85714
201258 -0.0610322 0.0103908 0.0716638 3.79095 0.538825 -33.6921
201508 -0.108591 -0.0708344 0.070659 9.56051 4.85503 9.60485
201508 -0.103581 -0.0985162 0.105304 9.37436 -1.63217 -26.5795
201508 -0.0678298 -0.0595547 0.13806 -2.10041 6.83452 9.65584
201508 -0.0055238 0.00586678 0.176776 17.5082 -7.82647 -35.0529
201508 0.0449073 0.0855355 0.187544 -24.1043 -1.79261 9.75091
201508 0.0848781 0.134408 0.193768 -5.46346 -0.973465 -35.4023
201508 0.0467853 0.123 0.198644 -14.5123 -1.89128 14.4964
201508 -0.0153744 0.0714374 0.181962 6.22626 0.465329 -25.0466
201508 -0.0811632 -0.00955746 0.163644 17.6292 5.55968 12.7847
201508 -0.117909 -0.0851661 0.145239 -6.05835 5.77372 -25.2891
201758 -0.0966516 -0.112136 0.135138 35.6738 -0.477196 6.03073
201758 -0.0404404 -0.079734 0.124513 6.90607 7.83667 -29.5481
201758 0.0174098 0.000514181 0.148785 -19.5364 8.82074 3.71339
201758 0.0697161 0.0699582 0.164067 4.98874 -2.22353 -5.17036
201758 0.0729641 0.130624 0.20504 8.21799 9.85006 -14.1839
201758 0.0243722 0.129806 0.19823 -20.1167 1.75648 -9.32736
201758 -0.0297945 0.0898677 0.185548 0.577849 -7.67779 -10.3962
201758 -0.0901856 0.0139883 0.164541 -2.02937 -5.9063 -5.33897
201758 -0.110271 -0.0684789 0.140073 6.08419 4.74859 -16.9682
201758 -0.100171 -0.107685 0.145883 -0.221672 8.55668 -2.52006
202008 -0.040452 -0.0924281 0.162683 -2.23838 2.32927 -19.9317
202008 0.00804088 -0.0322615 0.183894 -10.2069 6.21537 4.21501
202008 0.077283 0.0539705 0.185884 4.67648 0.779334 -34.7951
202008 0.0775462 0.131828 0.166181 -4.93383 -2.35831 1.25438
202008 0.0615814 0.144237 0.149175 1.85437 -3.93492 -33.1417
202008 -0.0168892 0.091085 0.118953 16.7976 -9.17309 8.49266
202008 -0.0745745 -0.000920911 0.0969727 -2.63145 0.0112743 -37.7855
202008 -0.122416 -0.0744702 0.0815556 6.09979 -16.9666 16.0579
202008 -0.113376 -0.104116 0.0962372 -0.462966 -3.58008 -25.1519
202008 -0.0751821 -0.0694075 0.109654 -4.82545 9.65571 17.3037
202258 0.00916709 -0.00155946 0.100772 1.7288 1.39438 -36.6045
202258 0.0566172 0.0764899 0.0829569 -18.5581 9.54524 11.4757
202258 0.0904291 0.127367 0.0658434 -2.91238 6.92266 -33.4946
202258 0.0429589 0.121918 0.0627392 9.45106 -7.71427 14.4602
202258 -0.0248513 0.0715288 0.0694073 6.02428 -1.30058 -29.552
202258 -0.0958535 0.00762361 0.0701757 26.2924 -12.0892 -2.49914
202258 -0.134218 -0.0527076 0.0878132 -5.37948 7.87505 -25.9681
202258 -0.126981 -0.0725027 0.105758 12.868 -6.64115 33.3859
202258 -0.0627586 -0.0584045 0.124002 3.36287 -11.6613 -27.5531
202258 -0.0063976 -0.00508939 0.153665 -13.2791 12.5204 -7.01447
202508 0.0691025 0.0544701 0.165359 -7.89102 16.4072 -17.9772
202508 0.0836149 0.108394 0.165429 11.4633 10.6078 -16.633
202508 0.0431378 0.12235 0.121935 4.57139 6.30666 -0.347559
202508 -0.0105001 0.0917505 0.0831678 4.75569 -0.80022 -10.7591
202508 -0.0731301 0.0157175 0.0588422 10.7605 -9.28559 -30.0217
202508 -0.0981798 -0.0594052 0.0518866 1.88318 -12.3447 -11.4808
202508 -0.098588 -0.109195 0.0684656 0.681494 4.273 -6.20054
202508 -0.0628975 -0.0961232 0.100196 -2.71815 -6.15324 -18.3228
202508 -0.012425 -0.0251302 0.126523 8.59473 9.3782 -4.90897
202508 0.043216 0.054178 0.138992 -5.20235 9.1467 -25.6153
202758 0.0557974 0.126173 0.139305 3.75101 5.89853 -3.51525
202758 0.0464819 0.132328 0.131877 -3.80087 1.35282 -30.8797
202758 -0.0267629 0.0692198 0.128437 6.68781 6.31658 -4.64078
202758 -0.0757568 -0.0125599 0.135514 -5.59026 3.25072 -29.7894
202758 -0.113691 -0.0811127 0.138336 6.57205 1.00517 0.369306
202758 -0.0989589 -0.101134 0.162976 2.16753 0.651261 -33.2693
202758 -0.0549512 -0.0550132 0.183875 -15.5707 12.9476 3.22955
202758 0.0188091 0.0129873 0.180432 -0.0100885 3.62629 -33.1171
202758 0.0546748 0.0931107 0.159502 -23.5517 13.5812 4.66613
202758 0.0767063 0.140682 0.143102 6.37803 0.0763732 -39.1391
203008 0.010811 0.120004 0.120675 6.73157 -8.73791 5.15803
203008 -0.0420872 0.06107 0.0950763 -8.37501 -0.81576 -38.3243
203008 -0.102727 -0.0183828 0.0750014 -4.22116 22.1154 4.66339
203008 -0.104223 -0.080785 0.0742954 -8.69798 -5.88098 -29.162
203008 -0.0766506 -0.0875759 0.0686599 14.9352 -8.61109 14.9567
203008 -0.0115283 -0.0532068 0.0732732 -4.57697 0.780659 -34.0977
203008 0.0298423 0.0312063 0.0854425 9.9526 -9.01549 9.92216
203008 0.0708318 0.0976281 0.107864 9.69626 -16.4607 -36.6384
203008 0.0326602 0.140572 0.122058 -8.8682 -6.19841 10.213
203008 -0.00891871 0.115444 0.127094 0.550478 -9.2914 -41.6639
203258 -0.0742086 0.0427652 0.141602 -13.3378 -1.7173 20.1641
203258 -0.0919518 -0.0329929 0.149128 4.15408 15.1861 -28.2331
203258 -0.0882507 -0.0849462 0.146951 -16.2939 -4.69165 19.7065
203258 -0.0405158 -0.0901685 0.147493 7.27238 -9.95142 -31.4014
203258 0.00486606 -0.025354 0.176121 -21.9021 2.10807 10.2359
203258 0.0591857 0.0505959 0.16763 -19.3863 8.45668 -33.3569
203258 0.0515951 0.126135 0.166647 -14.8872 2.31552 10.7201
203258 0.0185416 0.140931 0.135081 4.10181 -14.6365 -32.2492
203258 -0.0571924 0.0889679 0.10983 1.14346 -0.583537 21.1295
203258 -0.102491 0.00887057 0.0973422 -9.64925 5.46526 -22.9229
203508 -0.115546 -0.0662988 0.105352 4.17954 -5.68213 11.8116
203508 0.0327829 0.013823 0.212513 8.36055 -15.0118 -29.0752
203508 0.0672856 0.0930995 0.221196 31.3039 2.24325 6.57147
203508 0.0609218 0.133173 0.189978 -3.75408 27.8149 -28.4769
203508 0.0068884 0.122473 0.155889 9.71445 9.01157 20.7351
203508 -0.0529843 0.0611687 0.131039 2.98714 4.62823 -27.9583
203508 -0.0983656 -0.0139337 0.109121 -19.0055 -1.89362 1.67626
203508 -0.108287 -0.0712935 0.110036 8.21141 -6.194 -26.9509
203758 -0.0759075 -0.0792148 0.117924 10.3549 16.337 -14.2265
203758 0.0455271 0.0423345 0.134122 8.86149 -8.6862 -8.30036
203758 0.0712641 0.102763 0.134767 -10.2604 3.41559 -7.79032
203758 0.0598752 0.130481 0.132573 -3.15848 -9.55921 -13.737
203758 -0.00209804 0.0978707 0.138986 -2.86643 -8.33115 -7.33074
203758 -0.0572068 0.0339674 0.145156 9.85563 -2.83936 -12.9677
203758 -0.106363 -0.0360446 0.154345 1.27103 7.66344 -8.03377
203758 -0.0998987 -0.0828513 0.150206 -1.85275 -3.31863 -18.9499
203758 -0.0758046 -0.0760156 0.145757 -1.5685 6.2383 1.12021
204008 -0.00438989 -0.0256858 0.138568 -2.83118 0.10276 -24.7679
204008 0.036129 0.0541906 0.136828 -11.9351 0.0753498 3.01518
204008 0.067168 0.120462 0.135568 -2.76526 -7.64051 -23.8826
204008 0.0277694 0.138767 0.104258 -8.85777 -6.04493 3.27029
204008 -0.0196931 0.100766 0.0874697 -4.1208 -1.2209 -26.7074
204008 -0.0886336 0.0237353 0.0857639 3.92866 4.68935 4.3893
204008 -0.0991038 -0.0543359 0.0755193 -6.68857 -0.296333 -31.7676
204008 -0.0942306 -0.0843331 0.0990326 9.73931 8.40206 7.36233
204008 -0.0400138 -0.0757904 0.117591 7.82824 -1.12159 -35.8461
204008 0.00608894 -0.0140739 0.130877 14.8736 -7.69576 7.60731
204258 0.0552437 0.0649765 0.126679 0.0378862 -7.49976 -38.1875
204258 0.0349064 0.127283 0.116443 10.2667 -8.82385 6.68819
204258 -0.00151729 0.130977 0.102608 -5.53937 6.47156 -33.9608
204258 -0.0743169 0.0807649 0.0913963 -13.9545 -3.5884 12.2721
204258 -0.104954 -0.00186912 0.0878275 2.99139 -4.6706 -31.3771
204258 -0.121801 -0.0676562 0.0967871 -10.1357 -11.8531 15.238
204258 -0.0805228 -0.0936876 0.133515 -3.99597 1.94249 -36.2465
204258 -0.0304653 -0.0527549 0.166838 -0.812624 10.528 18.8247
204258 0.047142 0.0144046 0.182692 -0.76262 -0.0660474 -34.9682
204258 0.0674933 0.0846374 0.201613 -15.5713 13.8356 3.79316
204508 0.0699565 0.128434 0.176164 -4.14556 4.58342 -30.5331
204508 0.0037314 0.104329 0.144617 -12.2585 0.900824 15.0317
204508 -0.0569342 0.0387273 0.131387 15.3016 1.25632 -26.4598
204508 -0.107739 -0.0340527 0.113504 -19.5142 21.7266 20.8651
204508 -0.108489 -0.0867701 0.124137 12.0459 -17.535 -26.0217
204508 -0.0767152 -0.0739758 0.135091 9.367 -1.51183 10.0263
204508 -0.0055677 -0.0192276 0.147679 -16.6341 4.59711 -31.7772
204508 0.0410644 0.0648347 0.163306 36.2508 -18.7257 1.79385
204508 0.0813537 0.121129 0.161725 -0.124258 -21.2731 -31.1353
204508 0.0562449 0.131551 0.171892 21.2535 1.6058 32.2689
204758 -0.00223145 0.0889762 0.17813 -7.70362 -2.08671 -20.0971
204758 -0.0588549 0.0229748 0.162515 -14.1408 -1.08535 29.7366
204758 -0.0956221 -0.0576622 0.152938 2.248 4.09335 -29.9981
204758 -0.0874998 -0.085272 0.136949 -5.96334 7.59981 -11.4021
204758 -0.0458293 -0.0704829 0.128331 3.68426 0.605544 -7.73735
204758 0.00367188 -0.0110211 0.141535 1.5393 4.04052 8.9981
204758 0.0523928 0.066882 0.142909 2.17785 -11.722 -26.2888
204758 0.0616488 0.121787 0.154683 -2.10791 -10.0256 -5.46107
204758 0.0187591 0.130055 0.134535 -2.88653 -8.86018 -4.13843
204758 -0.0277441 0.0951368 0.121057 8.18336 -4.61899 -11.2882
205008 -0.0860381 0.0120186 0.121685 3.98368 -3.71842 -3.79476
205008 -0.0988987 -0.0608852 0.123279 7.1639 -6.8765 -21.4364
205008 -0.0844603 -0.0932331 0.135912 10.8851 8.34074 -2.52542
205008 -0.0321544 -0.0720685 0.15611 -0.731199 -3.69349 -24.5013
205008 0.0174517 -0.00136187 0.180838 18.5645 -5.46197 -3.87527
205008 0.0639504 0.0676424 0.19023 -7.30814 -1.29075 -30.1609
205008 0.0373946 0.122459 0.164911 -5.79591 -2.82555 -1.46801
205008 0.0114573 0.116668 0.14247 1.8418 -1.0294 -33.4438
205008 -0.0624396 0.0520236 0.121112 -1.34336 5.95322 5.10282
205008 -0.0941678 -0.0313631 0.103081 -3.75599 4.09623 -32.6317
205258 -0.114252 -0.0950288 0.118735 7.37689 10.0946 7.61487
205258 -0.0770704 -0.105617 0.136312 8.79545 -1.23477 -38.2887
205258 -0.0325879 -0.0457401 0.169384 -11.2489 18.8383 3.62825
205258 0.0399932 0.0295059 0.169636 -8.61539 -0.658316 -39.8632
205258 0.0628795 0.113328 0.187991 9.95956 -4.62129 7.73235
205258 0.0687983 0.143195 0.167291 -10.4607 -2.66541 -35.1339
205258 0.00218847 0.0960749 0.153229 8.42677 -2.79678 12.0481
205258 -0.0413276 0.01823 0.150651 0.0817949 -8.98604 -31.2779
205258 -0.0912569 -0.0625004 0.146163 2.80337 -12.6969 15.5796
205258 -0.0908561 -0.106833 0.154579 -3.92074 10.5301 -35.0327
205508 -0.056878 -0.0744175 0.178156 -4.82278 25.5135 14.8614
205508 0.0130169 -0.00280746 0.180656 14.2987 -1.25037 -34.3894
205508 0.0536711 0.0897052 0.17744 -16.1943 5.37469 11.1986
205508 0.08753 0.140536 0.162699 -8.46925 7.99415 -37.4168
205508 0.0349947 0.135187 0.161643 -17.9926 5.18552 10.855
205508 -0.0226559 0.0905055 0.161906 6.62625 2.52976 -30.3677
205508 -0.086551 0.013813 0.157555 -14.0844 21.1631 18.3729
205508 -0.103975 -0.049141 0.151767 -4.22561 -2.62114 -28.4576
205508 -0.0852683 -0.0701476 0.148877 5.20717 -3.93829 14.0621
205508 -0.0273156 -0.0567273 0.139108 -7.94393 -7.05534 -32.1007
205758 0.0219708 0.0148599 0.156711 22.4119 -29.6321 7.92495
205758 0.0620559 0.0814699 0.164445 9.30739 -13.9471 -26.5518
205758 0.0438942 0.134744 0.178757 29.3475 -0.126098 2.34443
205758 -0.00494942 0.13167 0.151245 -6.28555 28.9796 -24.6594
205758 -0.0635198 0.0769302 0.133087 -3.03123 0.097083 21.9037
205758 -0.0959096 -0.00221486 0.133404 6.04532 -0.516908 25.1255
205758 -0.0993207 -0.060038 0.124769 -17.9182 0.962388 -7.92993
205758 -0.0608199 -0.0742751 0.120829 2.39516 -1.38051 -27.4072
205758 -0.00725474 -0.0319558 0.144001 -1.4697 18.9918 -30.48
205758 0.0488701 0.0271308 0.156569 -11.6445 -3.61971 -11.638
206008 0.0714319 0.101459 0.182848 1.25554 -8.31052 -9.83582
206008 0.0414363 0.139757 0.160669 -17.8936 3.32747 -5.21368
206008 -0.00309704 0.116213 0.164007 4.0163 -11.0036 -8.05771
206008 -0.0587502 0.0524924 0.156744 3.90687 -6.20637 -4.81581
206008 -0.0836619 -0.0308033 0.144588 3.76362 -6.23952 -22.6233
206008 -0.0894105 -0.0830026 0.146703 1.95159 5.50749 -3.65752
206008 -0.0419344 -0.0778749 0.151983 1.01599 -6.32626 -20.7905
206008 0.00541562 -0.0156767 0.171124 -3.74414 -1.09831 3.11051
206008 0.0703997 0.0632088 0.175706 -6.30937 -0.248899 -25.5549
206008 0.0741117 0.125792 0.175072 -18.9922 9.0374 2.34588
206258 0.0595068 0.133835 0.176788 -1.09452 -3.53576 -33.9137
206258 -0.0128103 0.0916521 0.170095 1.55554 2.20346 8.59613
206258 -0.0680201 0.00967755 0.173673 -2.11566 7.6298 -33.7854
206258 -0.116594 -0.0598591 0.177192 2.45367 15.2272 5.11019
206258 -0.101671 -0.096374 0.186251 6.90839 1.94312 -34.6297
206258 -0.0729804 -0.0674898 0.208558 22.6943 -15.0762 14.6583
206258 0.00423852 0.00429227 0.214185 3.30668 -4.09577 -36.5937
206258 0.0473412 0.0827381 0.196285 8.23888 -10.7303 8.61274
206258 0.0820292 0.132239 0.191084 3.6499 -3.77645 -32.494
206258 0.0289728 0.124369 0.16935 -9.48656 -1.59902 11.956
206508 -0.0225088 0.0683885 0.155472 -11.0883 -15.0933 -40.1079
206508 -0.0869107 -0.00920014 0.148796 3.74685 -8.91565 15.1928
206508 -0.101037 -0.0816372 0.118043 -4.03692 13.93 -30.8847
206508 -0.0826524 -0.100014 0.10406 -18.9408 -7.99833 11.9745
206508 -0.0147213 -0.0650628 0.0949013 16.4763 -2.54833 -31.2952
206508 0.0269955 0.0138507 0.102912 -14.9995 9.46795 10.0199
206508 0.0711995 0.0891999 0.115738 -13.5403 2.89306 -30.1224
206508 0.0487631 0.141102 0.138808 22.5136 -12.0909 8.9748
206508 0.00325306 0.134513 0.130538 6.47953 -9.86075 -30.9562
206758 -0.0516349 -0.0820529 0.186275 -1.53895 -2.42482 -27.1264
206758 -0.0086982 -0.0419951 0.208475 5.7082 -2.34681 22.1051
206758 0.0569472 0.0253726 0.19357 4.69185 -5.84623 -29.8032
206758 0.0645317 0.0950945 0.196209 -15.5509 21.6867 -15.3105
206758 0.0344434 0.134847 0.141704 -5.00264 27.8246 -22.9723
206758 -0.11408 -0.0396129 0.121281 12.7293 1.58454 -10.9432
207008 -0.10439 -0.0817038 0.166043 10.9937 -7.22657 -25.7673
207008 -0.0594185 -0.0675811 0.208061 -6.70373 -9.20346 4.61031
207008 0.0103577 -0.0142106 0.241937 -13.8752 2.46906 4.04581
207008 0.0703431 0.0537389 0.246661 1.4528 8.05332 -15.5034
207008 0.0839872 0.116498 0.216453 -6.90897 6.546 -2.01082
207008 0.0735351 0.135121 0.191807 -8.52767 0.594566 -26.0389
207008 -0.0100673 0.0958459 0.16306 1.83512 2.45648 -1.89747
207008 -0.0638006 0.0245199 0.157674 -5.99308 2.67228 -25.8552
207008 -0.111418 -0.053113 0.154044 3.78882 5.14796 1.20285
207008 -0.100483 -0.0913625 0.152192 1.88285 -1.46915 -36.3013
207258 -0.0651417 -0.065269 0.175273 -13.9841 9.0901 9.21
207258 0.0112414 -0.00636431 0.180878 3.19188 -4.19291 -31.6804
207258 0.0609709 0.0747495 0.180653 -13.33 14.4946 4.69848
207258 0.0996026 0.125579 0.1865 -2.31756 1.58533 -36.4615
207258 0.0551513 0.131929 0.192075 4.97727 7.80715 5.31997
207258 0.0045749 0.0902916 0.162234 -9.7217 -3.169 -33.6714
207258 -0.0780274 0.0062827 0.125453 -1.56847 15.1661 9.99829
207258 -0.106005 -0.0655238 0.116581 6.0294 -2.78008 -32.7216
207258 -0.105505 -0.0915699 0.0935001 -1.55139 5.76298 14.2445
207258 -0.055397 -0.0691398 0.104222 6.9962 4.80906 -31.6471
207509 -0.00724176 0.00203396 0.110042 -8.73374 9.97218 16.131
207509 0.0427205 0.0725345 0.131496 0.372411 1.85414 -29.1873
207509 0.0290268 0.132823 0.148202 -15.5617 15.1096 8.60571
207509 0.000903985 0.137425 0.133425 -1.18525 7.45775 -27.5773
207509 -0.0695291 0.0852495 0.123546 -8.2059 7.88146 15.7108
207509 -0.108145 0.00478063 0.103894 8.488 -8.35582 -31.5202
207509 -0.12198 -0.0787475 0.107246 -10.1148 11.8313 20.3361
207509 -0.0881046 -0.106543 0.124493 -13.3247 4.60366 -30.8032
207509 -0.0330715 -0.0700599 0.156244 9.51509 -4.40662 7.84309
207509 0.0390376 -0.00686993 0.166354 4.01813 -17.4829 -28.3582
207759 0.0763485 0.0768683 0.191025 34.9087 1.54778 -0.196657
207759 0.0785541 0.127025 0.174887 5.46378 30.3617 -25.9577
207759 0.0296179 0.125648 0.158734 -16.7477 3.969 30.8296
207759 -0.0288766 0.0788536 0.157627 6.65027 0.19655 -17.335
207759 -0.082582 0.00579552 0.155199 -14.0465 7.5691 -12.9146
207759 -0.0968984 -0.0611977 0.159249 9.16491 -6.33771 -24.4114
207759 -0.0767654 -0.0784938 0.169887 8.25662 14.9796 -16.3825
207759 -0.0242298 -0.0427226 0.184588 -6.91622 -0.337193 -15.7167
207759 0.0459305 0.0399739 0.190251 9.26138 -19.6098 4.92447
207759 0.0869831 0.098188 0.182374 -5.4619 3.87605 -5.03209
208009 0.0875322 0.130551 0.175106 -0.38723 -3.46291 -12.8705
208009 0.024905 0.111331 0.161585 -2.96456 3.06482 -3.48231
208009 -0.0384492 0.0545391 0.152463 11.2557 -3.25146 -15.8501
208009 -0.0941606 -0.0210836 0.138296 -7.48003 8.25977 -3.82294
208009 -0.100762 -0.0833728 0.129768 -1.29523 -2.03803 -22.6447
208009 -0.0813363 -0.0955208 0.113259 -9.80276 10.5665 5.8738
208009 -0.0158305 -0.0574016 0.113112 -4.97497 2.44221 -28.179
208009 0.0240765 0.0198153 0.113886 -22.5798 21.2399 5.55519
208009 0.0683149 0.095908 0.131583 9.09706 -2.69124 -36.885
208009 0.0385792 0.151056 0.130435 -2.89974 -4.31635 1.86844
208259 -0.00107187 0.134704 0.1403 -1.36963 7.76545 -32.3643
208259 -0.0672931 0.0742916 0.137105 1.42237 2.70278 11.3124
208259 -0.10445 -0.0130834 0.152612 2.41962 -5.52807 -31.7395
208259 -0.123739 -0.0838622 0.167566 -9.00808 5.16352 14.1041
208259 -0.0883175 -0.103216 0.199033 -5.30339 -2.46293 -35.2949
208259 -0.0463628 -0.0549445 0.220008 -4.75209 17.6533 13.9947
208259 0.0352633 0.0260863 0.216672 3.23186 -5.17773 -34.9619
208259 0.0607244 0.115606 0.208381 -20.4965 1.0629 3.87325
208259 0.068906 0.161918 0.190867 -0.950672 -0.3435 -34.9024
208259 0.00863348 0.123508 0.168751 -16.2412 2.90583 16.7467
208509 -0.045983 0.0466565 0.160086 9.67164 2.36884 -27.4371
208509 -0.0984323 -0.0360344 0.153494 -15.8873 16.2456 21.9618
208509 -0.108112 -0.0949924 0.154475 10.6672 -18.0574 -27.6221
208509 -0.0792 -0.0838512 0.180661 10.2228 -1.391 10.2355
208509 -0.0062731 -0.0185368 0.19501 -12.8626 4.67154 -32.8427
208509 0.0431762 0.0662688 0.191875 27.3388 -3.94299 -10.6436
208509 0.089883 0.126048 0.182228 3.03359 -17.7824 -28.4375
208509 0.0602341 0.144685 0.182549 -13.9764 11.3027 37.7755
208509 -0.00400916 0.107621 0.17403 -14.2814 9.34022 -19.6721
208509 -0.063458 0.0432159 0.172019 -18.4015 15.3674 -23.4191
208759 -0.105738 -0.0394616 0.151135 10.9124 1.50211 -24.3466
208759 -0.10264 -0.0831072 0.141907 18.2424 0.219035 -13.4949
208759 -0.0582705 -0.0871992 0.138211 11.1487 -5.27087 -16.5772
208759 -0.00417735 -0.0384813 0.145943 0.195988 -12.0737 1.74525
208759 0.0505975 0.0467584 0.16827 -7.96845 -5.88903 -22.1828
208759 0.0710052 0.117562 0.190628 -9.36915 -0.883197 -19.9009
208759 0.0347084 0.154795 0.177411 -12.0119 -2.84545 -5.5976
208759 -0.00982452 0.130119 0.170199 3.63055 -5.53546 -19.7238
208759 -0.0752411 0.0483948 0.154693 -1.99894 -6.82751 -7.01554
208759 -0.102984 -0.0373518 0.14438 -0.711904 -0.756659 -22.102
209009 -0.0994682 -0.0991114 0.152085 -1.13194 8.24382 -5.88803
209009 -0.0559691 -0.100317 0.173621 1.44605 -3.16255 -26.102
209009 0.0014595 -0.0311283 0.183599 4.71984 -1.99994 3.09909
209009 0.0675252 0.0438876 0.179601 4.21027 -2.97364 -39.3602
209009 0.0776876 0.127013 0.168073 -13.7916 5.72829 3.80175
209009 0.071137 0.14885 0.16607 5.0057 2.34939 -34.4951
209009 -0.00200949 0.102788 0.15235 5.2271 -7.48574 7.61432
209009 -0.0529281 0.0223441 0.154359 -3.02464 -0.863201 -34.4937
209009 -0.114308 -0.0642944 0.158115 -1.6601 23.3434 7.46128
209009 -0.113257 -0.10476 0.167267 -0.463116 -6.84919 -28.28
209259 -0.0817186 -0.0670406 0.19828 9.16225 1.09842 13.6399
209259 -0.0044624 0.00376309 0.204449 -2.02618 0.916876 -34.4003
209259 0.0493065 0.0932165 0.201165 -7.24075 -3.90526 10.1238
209259 0.0930476 0.143226 0.192573 -1.92607 -1.5374 -37.9296
209259 0.0496925 0.147605 0.18361 -9.40467 11.0574 11.3407
209259 -0.00145898 0.106938 0.16463 2.05431 9.39247 -25.0784
209259 -0.0790471 0.0307268 0.144118 -8.71896 24.4192 19.5295
209259 -0.106067 -0.0455489 0.124603 3.06563 -9.80821 -29.6246
209259 -0.0930365 -0.0903211 0.0979343 3.81711 2.06148 9.33103
209259 -0.0381339 -0.080564 0.0963276 1.67038 -7.5495 -27.5701
209509 0.013959 -0.014271 0.109621 30.3747 -14.7622 -0.861598
209509 0.0644841 0.0614108 0.130814 1.91744 -2.19346 -32.9743
209509 0.0615204 0.136102 0.164487 15.8807 15.1853 26.7991
209509 0.0307819 0.154951 0.152179 -1.46106 26.6422 -13.9364
209509 -0.0278334 0.113329 0.162261 -29.5347 -0.98005 2.5145
209509 -0.0783951 0.0320462 0.151004 11.1609 -7.4614 -26.5945
209509 -0.10876 -0.0547745 0.154185 12.9738 6.14877 -28.8955
209509 -0.0974121 -0.100405 0.169065 7.62965 -9.26561 -24.3944
209509 -0.0578404 -0.0851246 0.190223 8.72899 0.835543 -5.92266
209509 0.00773928 -0.0183012 0.197331 -7.152 4.21969 -4.34372
209759 0.0756104 0.0708422 0.198783 1.25676 -5.47912 -12.1375
209759 0.0910476 0.137649 0.17812 -2.66751 9.82687 -4.55031
209759 0.0757137 0.141966 0.170575 0.726969 -6.43801 -20.9843
209759 0.00436744 0.0943641 0.156441 5.04266 2.97636 -7.45745
209759 -0.0575305 0.0117537 0.139308 11.2161 -0.691701 -19.2116
209759 -0.100691 -0.0600123 0.13788 -0.660445 4.3651 -4.30782
209759 -0.0915326 -0.0941583 0.152358 -0.22765 -6.12269 -26.1092
209759 -0.0586691 -0.0661033 0.167801 -9.22228 12.9895 6.22195
209759 0.0195345 -0.00304273 0.164358 -2.09424 0.0914771 -32.8191
209759 0.0602896 0.0789834 0.156827 -9.32455 11.4158 6.53315
210009 0.0961575 0.139748 0.162955 3.66205 -4.97035 -35.2274
210009 0.0477162 0.144403 0.175556 5.21992 0.917392 3.78164
210009 -0.0105157 0.0952823 0.17534 -1.63269 -0.420281 -35.0647
210009 -0.0851223 0.0221163 0.163425 4.01147 15.7837 11.1307
210009 -0.116972 -0.0575619 0.157058 0.699358 -1.54232 -31.2277
210009 -0.10586 -0.0862042 0.132418 4.58684 4.96335 16.6939
210009 -0.0404353 -0.0750411 0.141554 -1.93236 -3.41004 -35.5186
210009 0.0127897 -0.0102597 0.145019 -11.7768 18.0442 10.8212
210009 0.0694538 0.0710955 0.158617 1.39713 -6.05209 -33.7509
210009 0.0592416 0.135004 0.170426 -4.57202 -0.829459 12.5758
210259 0.0283457 0.134989 0.15389 -2.9176 -11.7012 -40.7564
210259 -0.0482533 0.0849512 0.155389 -1.91917 6.45843 11.4762
210259 -0.0947409 -0.00782376 0.122374 -5.14383 9.23007 -32.0641
210259 -0.114832 -0.0748108 0.137418 -15.0438 18.9155 16.326
210259 -0.0789219 -0.0934427 0.152592 8.65559 8.89605 -32.6449
210259 -0.0328175 -0.0399888 0.179339 -18.7924 1.08526 6.10777
210259 0.0495567 0.0406087 0.179265 6.47868 -3.66485 -31.9832
210259 0.0735099 0.121269 0.178862 -14.3737 -2.08117 13.8429
210259 0.0709067 0.155455 0.144195 -3.29577 6.83098 -30.3296
210259 0.00948998 0.120501 0.140602 -9.8754 -2.52937 19.7987
210509 -0.0565156 0.0351415 0.125231 13.7334 -5.53789 -29.2873
210509 -0.0979623 -0.0489441 0.122424 -17.9139 13.9933 19.835
210509 -0.0965197 -0.105117 0.129239 11.4482 -12.6975 -27.1971
210509 -0.0656182 -0.0759297 0.143242 6.79266 -9.14975 3.51038
210509 0.00615534 -0.00606892 0.151235 -11.429 3.9228 -33.2655
210509 0.0443081 0.0765739 0.14762 21.7069 -25.9886 3.90438
210509 0.0749911 0.133159 0.146494 5.58857 -24.2214 -29.9716
210509 0.0359341 0.128182 0.153417 34.9932 -5.79039 4.80391
210509 -0.0277789 0.0712497 0.138863 -8.6266 -3.62465 -27.0802
210509 -0.0789883 -0.00286951 0.140554 9.23124 -6.96428 5.5353
210759 -0.0993879 -0.0780399 0.140366 -13.6122 11.5243 -27.16
210759 -0.0811095 -0.087224 0.145696 22.7687 0.77485 1.91312
210759 -0.016593 -0.0468476 0.158736 -1.88439 -11.2109 -28.0634
210759 0.0309445 0.034222 0.163926 27.6967 13.8683 6.68419
210759 0.0810792 0.103519 0.163741 3.29055 -19.2648 -24.5129
210759 0.060581 0.131738 0.177129 10.531 11.6226 24.8195
210759 0.00453369 0.106719 0.159749 -7.40502 6.09099 -19.4456
210759 -0.0542574 0.0451336 0.167768 -1.37176 1.16321 13.0275
210759 -0.0908911 -0.0373388 0.153161 -5.63982 8.10793 -22.1393
210759 -0.0876935 -0.072945 0.145523 -5.6658 -1.7184 32.4803
211009 -0.0400358 -0.070919 0.145813 11.3011 -2.56083 -30.9061
211009 0.00478608 -0.00904797 0.160105 -14.6466 11.6127 18.4301
211009 0.0556096 0.0687606 0.175882 0.909889 2.73179 -32.809
211009 0.0490674 0.125243 0.197185 -18.8083 9.33572 -16.5404
211009 0.00508569 0.126462 0.16906 -10.9664 27.4258 -18.1334
211009 -0.0512146 0.084241 0.151784 -22.9448 17.2104 -15.8322
211009 -0.10186 -0.00109283 0.146377 2.28535 4.5527 -28.0393
211009 -0.109312 -0.0561573 0.143268 8.48417 13.7436 -21.8448
211009 -0.0687347 -0.0806229 0.144505 10.2488 8.86792 -32.444
211009 -0.0197973 -0.0414312 0.149461 2.67809 8.09981 -21.973
211259 0.0404283 0.0332814 0.153737 4.19686 18.42 -26.7193
211259 0.0527217 0.102291 0.170775 7.5981 10.155 -15.1337
211259 0.0250299 0.131287 0.133302 8.13234 6.3322 -16.4193
211259 -0.0251976 0.101465 0.124142 15.9377 10.5967 -14.9293
211259 -0.0818245 0.0257275 0.111091 13.8868 -5.59067 -20.9545
211259 -0.101613 -0.0429186 0.116189 14.6822 -2.30463 -14.4039
211259 -0.0834364 -0.081269 0.141551 4.15774 -2.2559 -21.598
211259 -0.0446979 -0.0560851 0.173061 4.99732 -0.372883 -10.796
211259 0.0160048 0.0142739 0.206259 2.19264 -3.26662 -19.5535
211259 0.0520809 0.0882864 0.218021 7.25002 -10.7245 -8.53989
211509 0.0482034 0.143786 0.200355 3.04406 -17.8063 -21.4917
211509 0.0146133 0.125118 0.181939 3.20045 -14.7976 -13.3489
211509 -0.0486835 0.0577547 0.160312 -2.99498 -4.50041 -23.0959
211509 -0.0883733 -0.022484 0.150257 -2.4292 -1.7359 -9.84662
211509 -0.097747 -0.0878931 0.154934 -2.41989 -2.72781 -13.9538
211509 -0.0637931 -0.0857313 0.167272 -9.75853 -2.70668 -18.2372
211509 -0.010221 -0.0250701 0.182169 -11.246 7.91267 -7.58
211509 0.0438865 0.056031 0.188657 -2.23417 8.25404 -18.0008
211509 0.063838 0.133289 0.187827 -7.77637 2.18865 -6.26505
211509 0.0560521 0.145708 0.179088 -4.98026 -1.98486 -18.9487
211759 -0.0109997 0.0890968 0.181802 -3.34189 -10.3432 -7.2272
211759 -0.0591583 0.00818532 0.184632 -1.38077 1.41304 -19.7877
211759 -0.108741 -0.0685342 0.193116 5.9967 6.64535 -7.06167
211759 -0.0988181 -0.104544 0.2047 -4.34682 -6.72564 -29.8533
211759 -0.0717361 -0.0619114 0.221354 -1.65164 7.41932 -0.627386
211759 -0.00571198 0.0128384 0.230159 1.76212 1.20314 -31.3047
211759 0.0360925 0.100429 0.218558 -11.9121 2.03177 0.468356
211759 0.0647225 0.14615 0.211457 -2.27014 -5.47106 -36.9862
211759 0.0119258 0.123268 0.204746 -1.92538 2.4975 2.94347
211759 -0.0409081 0.0659973 0.175705 -3.60675 -0.262031 -34.6891
212009 -0.112172 -0.0223666 0.149947 3.45432 5.13183 6.96034
212009 -0.119337 -0.0875414 0.126906 4.34705 2.71237 -30.8113
212009 -0.0998156 -0.0936061 0.111144 6.07923 8.51509 8.06537
212009 -0.0349283 -0.0542832 0.119746 2.60693 0.359563 -34.0286
212009 0.013543 0.0338623 0.142222 13.9209 -14.3833 5.26004
212009 0.0545432 0.104461 0.167964 0.550602 -3.69478 -36.1227
212009 0.0259087 0.150297 0.163204 1.32807 2.21604 9.97174
212009 -0.00527199 0.129867 0.149919 -5.02277 -15.0241 -35.8135
212009 -0.0820835 0.0540677 0.153569 -14.4572 8.37839 14.1267
212009 -0.103724 -0.0302796 0.1539 0.975966 4.00602 -34.0282
212259 -0.103148 -0.0896306 0.160822 0.453959 -10.1281 12.608
212259 -0.055887 -0.0951962 0.173529 13.3329 2.14722 -29.252
212259 0.00142815 -0.0372625 0.200345 -6.88744 9.65282 11.3895
212259 0.06716 0.0335907 0.198598 1.81139 -4.38731 -33.5565
212259 0.0739718 0.11122 0.194254 -18.5271 6.09842 7.5381
212259 0.05725 0.137109 0.166562 -2.60675 4.78064 -32.4674
212259 -0.0200334 0.102144 0.135195 -8.97151 -2.60609 17.1269
212259 -0.0794322 0.0296032 0.114685 -5.70676 -2.05197 -25.9471
212259 -0.12016 -0.0451531 0.103132 8.58174 -5.1444 9.42735
212259 -0.110252 -0.0783966 0.122284 -4.68205 7.17602 -24.4281
212509 -0.0717781 -0.0505851 0.147679 13.3199 -6.0191 -0.961975
212509 -0.00380205 0.00518487 0.162344 2.53005 -0.815822 -24.7564
212509 0.0399681 0.0864809 0.173564 16.0795 16.7373 13.1823
212509 0.062551 0.135671 0.178178 5.18688 15.3979 -15.6863
212509 0.0302357 0.136608 0.172226 -14.8488 9.60631 -16.8927
212509 -0.0269966 0.0896004 0.175976 11.8142 6.25131 -29.0407
212509 -0.0895474 0.0182758 0.177058 7.13443 10.1611 -19.884
212509 -0.120935 -0.051719 0.170179 6.52641 -4.05957 -27.7467
212509 -0.112239 -0.0797627 0.176697 8.04666 -2.69321 -2.6048
212509 -0.0699374 -0.0583835 0.185329 2.11834 -4.76791 -4.56441
212759 -0.000782727 0.00491414 0.185414 -7.61941 -6.9028 -9.30806
212759 0.0513058 0.0858707 0.18773 11.1611 6.6938 -5.36743
212759 0.0777188 0.145392 0.190017 -7.14927 7.9001 -17.3962
212759 0.035383 0.146124 0.159383 -10.0032 8.41861 -2.44583
212759 -0.0203605 0.095538 0.140421 8.1063 7.35755 -17.2296
212759 -0.0835327 0.0154402 0.118133 1.52767 10.4865 -1.43861
212759 -0.103195 -0.0694297 0.0935164 -4.61731 -9.36604 -31.4145
212759 -0.102104 -0.0923506 0.0836423 -3.86617 6.79348 5.53572
212759 -0.0454737 -0.0670508 0.0924592 -2.67025 -1.30739 -32.3749
212759 -0.00239002 0.00319874 0.114411 5.34429 -6.74954 7.03655
213009 0.0542593 0.0820379 0.136567 -0.177948 -6.81767 -43.3905
213009 0.0415653 0.143613 0.123221 9.5039 -5.72549 6.9985
213009 0.0132356 0.136982 0.0996333 -4.18811 6.2593 -30.5721
213009 -0.0590197 0.0825403 0.0917223 -14.8905 5.79216 13.4792
213009 -0.0977268 -0.0121111 0.0864827 4.75932 -10.5484 -36.5355
213009 -0.122232 -0.0878255 0.107943 -6.93419 -11.7299 11.5732
213009 -0.0945429 -0.114941 0.139936 -3.24851 0.840287 -32.9556
213009 -0.0586399 -0.0681597 0.19232 -12.0218 2.37491 17.3326
213009 0.0242742 0.00498427 0.222296 8.855 2.17597 -36.6781
213009 0.0731401 0.0901482 0.235586 -13.6634 3.86566 6.43592
213259 0.100999 0.144796 0.205938 -5.64804 7.14796 -32.3456
213259 0.0581869 0.129208 0.181631 -1.8344 -3.77284 15.2926
213259 -0.00602103 0.0689963 0.153385 13.6063 -3.9088 -30.1821
213259 -0.0748097 -0.0120632 0.13242 10.6729 -17.631 10.3572
213259 -0.11044 -0.0931644 0.116036 -6.53451 -7.39517 -29.4722
213259 -0.108215 -0.105535 0.117473 19.1771 -8.13521 5.98509
213259 -0.0491214 -0.057925 0.117267 -6.09756 -4.59563 -28.2101
213259 0.00414822 0.0261325 0.133612 5.83739 8.07032 30.0444
213259 0.0726675 0.0974343 0.159909 6.68303 0.237469 -26.8136
213259 0.0749271 0.147533 0.164246 -10.3279 17.5755 -17.9248
213509 0.0356081 0.131689 0.149062 2.92554 20.3564 -17.7721
213509 -0.0213359 0.0809656 0.125003 13.5108 13.1658 -18.8304
213509 -0.0879735 -0.00263498 0.0935012 16.9152 -12.3428 -22.6562
213509 -0.115411 -0.0709189 0.0764161 4.92241 -11.5225 -10.2755
213509 -0.0981383 -0.0961213 0.0901328 2.12799 -2.44442 -21.6333
213509 -0.0487561 -0.0696208 0.0904857 -17.5446 -2.89861 -14.6091
213509 0.0129855 0.0015285 0.113567 -4.51424 6.39981 -2.33132
213509 0.0604521 0.0802173 0.110485 -0.454426 5.6094 -22.2742
213509 0.0622046 0.143016 0.111219 -5.72483 15.8765 -5.52677
213509 0.0401634 0.141805 0.103851 -2.76096 -2.81583 -26.3865
213759 -0.0388298 0.0924819 0.0997961 3.60859 7.02424 -8.60607
213759 -0.0889548 0.0167915 0.121046 -3.63685 1.55215 -28.4397
213759 -0.132796 -0.0600383 0.148961 2.92587 0.0749021 0.574471
213759 -0.119044 -0.0948747 0.182358 0.414098 -4.52799 -34.2882
213759 -0.0874792 -0.0634035 0.217947 -17.1763 9.08687 7.34848
213759 -0.0105371 -0.00767834 0.227925 -1.75405 -1.66007 -37.9126
213759 0.0467152 0.0759633 0.232864 -3.02319 7.86007 7.38093
213759 0.090395 0.12683 0.220613 0.553699 2.08412 -36.1076
213759 0.0468628 0.134082 0.178958 4.58753 8.58047 9.5228
213759 -0.0018354 0.0940463 0.144901 -3.75205 -5.25857 -34.8674
214009 -0.0862466 0.0142898 0.0886347 -12.5189 12.8 11.7996
214009 -0.118682 -0.065301 0.0677925 2.22577 -1.03046 -32.9331
214009 -0.109232 -0.101537 0.04204 -5.97243 3.05663 13.5639
214009 -0.0453097 -0.0836106 0.0272694 14.3036 3.50314 -34.6335
214009 0.0119896 -0.00794663 0.0317473 -18.0912 10.7269 16.5806
214009 0.0645871 0.0658894 0.0544519 -4.8642 -1.41675 -29.8712
214009 0.05029 0.131281 0.0875859 -18.7003 16.7583 6.70567
214009 0.0211837 0.134458 0.0798679 6.3655 -14.2222 -30.4932
214009 -0.0476467 0.0824911 0.0860317 7.44633 -4.52566 15.5268
214009 -0.094674 0.000534184 0.0796839 -5.51794 10.3392 -21.204
214259 -0.120541 -0.0791046 0.103357 7.54958 0.65149 -0.462743
214259 -0.102872 -0.113049 0.136006 -4.67825 1.72715 -28.1181
214259 -0.0637305 -0.0849692 0.186058 18.5427 2.7868 34.1537
214259 -0.00368844 -0.0298765 0.218508 8.25102 19.7407 -14.6946
214259 0.0472262 0.0581756 0.239104 -24.8592 12.6978 -5.14373
214259 0.0738587 0.123051 0.225714 5.76666 -3.55502 -23.605
214259 0.0453194 0.145036 0.198262 -7.08104 17.61 -15.4459
214259 -0.0097487 0.100091 0.193048 1.7779 -9.74782 -18.7961
214259 -0.0700096 0.0267413 0.172183 16.4884 -4.41658 -11.2106
214259 -0.107351 -0.0417127 0.151592 4.45104 -5.77487 -5.00039
214509 -0.0938047 -0.0780354 0.151007 1.95635 -6.36618 -17.914
214509 -0.0541798 -0.0599916 0.156656 13.5063 -5.37659 -3.09402
214509 0.0201345 0.000306866 0.155868 0.145481 -2.28609 -16.8488
214509 0.0628892 0.0787627 0.150078 6.51531 -4.02454 -2.23121
214509 0.0939374 0.135067 0.145169 -5.36163 -1.70112 -24.1365
214509 0.0443168 0.139078 0.123787 -4.53178 0.453396 -0.551203
214509 -0.0177722 0.0929668 0.111978 -3.72489 2.16399 -24.4709
214509 -0.0899536 0.0194477 0.106619 7.79522 13.0191 10.0854
214509 -0.115586 -0.0605683 0.114006 3.48749 -3.57224 -34.4062
214509 -0.114532 -0.0841197 0.129871 2.06177 9.92775 7.7952
214759 -0.0498881 -0.0688866 0.142751 5.1141 -0.130546 -36.86
214759 0.00607849 -0.00328609 0.158748 14.9597 -21.9069 5.94116
214759 0.0679768 0.0716303 0.165875 3.1955 -2.10011 -39.1471
214759 0.0569077 0.12448 0.153243 12.6044 -8.06464 9.77519
214759 0.0282032 0.11563 0.128211 -3.21467 1.54765 -34.39
214759 -0.052495 0.0697406 0.107143 -16.4942 25.6167 16.9733
214759 -0.0919201 -0.0134426 0.0796443 -4.6357 -7.26648 -32.1594
214759 -0.115911 -0.0757037 0.103262 -4.14176 -7.68271 14.9498
214759 -0.0827002 -0.0988568 0.132591 -4.79311 0.63309 -31.9915
214759 -0.0378019 -0.0596486 0.169864 -7.77908 12.6889 16.9639
215009 0.0378588 0.00639127 0.198017 -0.057122 -1.40701 -34.5421
215009 0.0667319 0.0874805 0.218952 -22.3214 7.19772 11.3947
215009 0.0761426 0.142621 0.21995 -2.13561 -4.94585 -33.212
215009 0.0139434 0.132493 0.198944 -11.6301 2.70493 4.01466
215009 -0.0535992 0.0751135 0.172053 4.23504 3.72942 -35.1723
215009 -0.114197 -0.0102646 0.162538 -9.35733 14.9464 15.4644
215009 -0.12271 -0.0830879 0.146679 7.08839 3.19464 -25.7774
215009 -0.100209 -0.0783997 0.162251 -5.43156 3.55886 15.517
215009 -0.0257378 -0.0250291 0.167762 -3.84978 -7.53065 -27.4171
215009 0.0266012 0.0554487 0.18208 3.77158 -17.248 14.4855
215259 0.0760178 0.11817 0.177858 -7.6334 10.6358 -31.607
215259 0.0488182 0.142968 0.17212 27.9981 -16.2369 7.08171
215259 -0.0068411 0.112899 0.155426 2.88738 -9.74329 -30.1276
215259 -0.0690212 0.0418074 0.145621 23.5611 1.30275 8.95268
215259 -0.107838 -0.0462402 0.119475 -13.9096 4.42673 -29.8856
215259 -0.102823 -0.0798671 0.106884 26.2315 -5.46132 -0.655464
215259 -0.0488761 -0.0740113 0.100004 5.734 -6.10115 -27.1517
215259 0.0032933 -0.0162687 0.107202 -1.77648 13.2223 16.7609
215259 0.0653612 0.0607981 0.130384 -5.11605 1.67862 -25.6207
215259 0.0643688 0.119025 0.16857 -9.95972 21.7567 -0.635068
215509 0.0270355 0.134869 0.175972 -1.67529 25.421 -13.4589
215509 -0.0226627 0.0985042 0.172274 6.54794 9.65119 -13.6751
215509 -0.0811663 0.0162166 0.144386 8.98178 0.462637 -1.01299
215509 -0.104156 -0.0573823 0.12607 20.553 -5.29743 -10.7585
215509 -0.0756146 -0.102597 0.126333 10.1091 -6.80943 -26.2987
215509 -0.0302505 -0.0740315 0.133888 6.11092 -13.7063 2.42866
215509 0.0315206 0.00155668 0.147305 2.29803 -11.6416 -37.2107
215509 0.0671576 0.0811065 0.155615 -1.62101 -13.4351 -15.0848
215509 0.0633312 0.143576 0.150143 -8.13589 -11.7766 -11.6654
215509 0.0331023 0.131359 0.147863 4.61981 -7.67068 -16.0341
215759 -0.0418492 0.0714567 0.134835 -2.23683 -8.99899 -5.57645
215759 -0.0839049 -0.00287579 0.136249 6.53462 -5.30338 -14.1498
215759 -0.10344 -0.0726703 0.147427 2.20076 -1.4431 -3.29312
215759 -0.0761102 -0.0836468 0.165142 2.94022 -5.48098 -23.8251
215759 -0.0293539 -0.0341289 0.186941 6.01148 6.77453 -6.50605
215759 0.034975 0.038549 0.188805 -6.52937 -1.22083 -24.1682
215759 0.0678285 0.110041 0.17542 7.56138 3.25862 -4.07716
215759 0.0707231 0.14355 0.151423 -5.17943 -5.01413 -30.7006
215759 -0.00218682 0.120486 0.135177 -8.31615 18.3505 -4.86854
215759 -0.0551946 0.0567465 0.125125 -3.51632 -1.42494 -28.371
216009 -0.112359 -0.0251191 0.119749 4.88038 4.24727 1.31943
216009 -0.107238 -0.0751807 0.118707 2.41264 -2.86494 -36.0023
216009 -0.0783918 -0.0644538 0.130945 -11.5244 8.3178 5.16354
216009 -0.00570581 -0.0198285 0.150367 5.84905 -5.66 -36.924
216009 0.045234 0.0606333 0.161405 -21.1547 19.3641 5.19787
216009 0.0903296 0.114504 0.181955 5.22739 -1.78959 -36.6863
216009 0.0523259 0.130425 0.171736 -10.3539 9.05008 5.94058
216009 0.00939349 0.0909117 0.164616 -2.81154 5.9457 -35.5056
216009 -0.075466 0.00848331 0.145012 6.31636 0.527071 8.08943
216009 -0.0994985 -0.0646118 0.126031 4.57289 -7.30294 -36.2309
216259 -0.100377 -0.086706 0.102314 12.9212 7.05125 13.0178
216259 -0.0412815 -0.0671268 0.10162 -10.6157 -3.10634 -34.011
216259 0.0134516 0.0052967 0.115353 13.2945 -9.4102 10.5261
216259 0.0682156 0.0773214 0.127137 -6.88685 2.51 -34.9751
216259 0.0586189 0.135442 0.142296 4.21869 -12.5376 10.7698
216259 0.0315665 0.130539 0.134131 -1.6274 -10.2005 -36.6873
216259 -0.0494769 0.0743704 0.138055 -17.7288 7.96963 17.0353
216259 -0.0941898 -0.00611988 0.116906 -0.111212 8.33828 -32.4169
216259 -0.125611 -0.0876294 0.128864 -11.1559 -0.783429 18.6503
216259 -0.0958344 -0.111366 0.146657 5.85399 5.57265 -31.4274
216509 -0.0538109 -0.0599954 0.166872 -8.57241 -1.11264 19.3787
216509 0.0149685 0.011227 0.170851 -4.83744 -4.25255 -29.7779
216509 0.0602649 0.105629 0.18424 -11.3572 3.74719 9.56456
216509 0.0783391 0.16075 0.158934 -3.37713 3.63149 -31.1581
216509 0.0310651 0.137305 0.148785 -12.3636 -2.77281 13.3571
216509 -0.0225956 0.0721487 0.145329 -0.343916 -4.05329 -24.0006
216509 -0.0853383 -0.011163 0.138562 15.6898 -13.3809 11.3389
216509 -0.108856 -0.0780952 0.145314 -12.2974 12.0362 -23.2033
216509 -0.0899803 -0.0832938 0.166192 18.6282 -0.0675711 3.06141
216509 -0.0336864 -0.0394164 0.183129 5.02494 -9.89358 -28.3757
216759 0.0254434 0.0494997 0.186122 32.8642 -0.438756 15.1948
216759 0.0785835 0.118234 0.19366 -6.21904 21.0786 -32.8448
216759 0.0678221 0.165215 0.18422 -13.4149 12.7191 31.1512
216759 0.0210299 0.141525 0.17443 6.73449 11.0313 4.66692
216759 -0.0455105 0.0723296 0.147886 -28.7742 2.72425 17.507
216759 -0.091849 -0.0167625 0.130668 14.9912 -7.60134 -27.3366
216759 -0.106747 -0.0785078 0.120495 12.9829 16.143 -27.178
216759 -0.0756586 -0.0884628 0.118424 4.28876 -0.21003 -21.6167
216759 -0.0196169 -0.0337473 0.134888 9.76544 7.66724 -19.6485
216759 0.035062 0.0402944 0.14876 -3.5849 -4.64207 -10.9481
217009 0.0608193 0.118431 0.170237 7.51711 -8.68384 2.11619
217009 0.042523 0.154119 0.152274 -11.1833 -6.82759 -5.52152
217009 0.00152242 0.124878 0.141983 8.63419 -14.4696 -10.9265
217009 -0.0514521 0.054644 0.125613 -2.83727 -3.68367 -9.13701
217009 -0.0773285 -0.0368743 0.10722 1.05575 -3.52689 -16.1665
217009 -0.0853811 -0.104935 0.11786 9.02353 5.1666 -3.21629
217009 -0.0499512 -0.103171 0.139997 -3.56521 -4.35972 -16.7009
217009 -0.0116766 -0.0353318 0.179563 15.362 -3.71078 -3.17029
217009 0.052957 0.0572456 0.187519 -9.1604 1.28706 -21.7679
217009 0.0714304 0.134407 0.195246 -6.65605 -4.40622 -1.09632
217259 0.0659775 0.153659 0.196609 -4.60397 -1.60751 -27.579
217259 -0.0015942 0.10808 0.198736 -9.24009 13.8137 2.23551
217259 -0.0549298 0.0211218 0.196896 -3.46734 3.06304 -26.7073
217259 -0.112253 -0.056966 0.199831 11.4866 -4.11912 5.94454
217259 -0.104863 -0.102043 0.195996 0.70983 -4.87333 -34.0529
217259 -0.0813271 -0.0764736 0.21525 0.173858 1.08838 7.83363
217259 -0.00732352 -0.00773394 0.213021 4.84481 -3.7315 -34.1631
217259 0.0382689 0.0783691 0.201412 1.0713 -1.37361 5.46793
217259 0.0675303 0.141308 0.18763 4.13281 -5.90259 -34.2916
217259 0.0237926 0.141155 0.160814 8.3987 13.4777 8.58316
217509 -0.0311601 0.0896362 0.136033 -7.84543 3.12831 -37.0856
217509 -0.103527 0.00802788 0.111709 0.969046 -2.03959 17.9215
217509 -0.121358 -0.0714736 0.10629 2.79126 -2.43332 -31.4828
217509 -0.116869 -0.085431 0.115898 -0.74025 8.94183 14.1855
217509 -0.0505155 -0.0542696 0.134221 -13.2861 -2.75665 -33.7219
217509 0.00755878 0.0173314 0.171715 -14.378 12.2639 12.1363
217509 0.0732176 0.0854632 0.205575 -2.46482 1.76522 -37.4733
217509 0.0690245 0.131142 0.207016 -18.3069 18.6688 9.67889
217509 0.0375265 0.121197 0.169538 1.66985 -4.47349 -34.1952
217509 -0.0371146 0.0664108 0.121998 1.55035 -2.35454 14.614
217759 -0.0805337 -0.017683 0.0659014 5.01532 6.15139 -30.7337
217759 -0.0969159 -0.076775 0.0478634 -22.173 6.31869 10.0708
217759 -0.0533123 -0.0913854 0.0489358 14.1898 -7.87925 -27.9756
217759 -0.0110919 -0.0464363 0.0691347 -9.39953 -2.3929 17.5252
217759 0.0434519 0.0199977 0.0815756 -14.9009 3.89523 -31.4494
217759 0.0594673 0.0966072 0.112807 24.7939 -20.4605 14.1966
217759 0.0530926 0.138761 0.131468 4.05947 -6.0881 -29.7545
217759 0.00176764 0.121605 0.15198 25.6035 -0.535468 5.07902
217759 -0.0616088 0.060679 0.172624 -0.731451 3.39381 -27.214
217759 -0.111503 -0.00939146 0.19253 2.87586 -5.25166 29.6875
218009 -0.12175 -0.0853821 0.209157 1.0597 11.7466 -28.6967
218009 -0.103044 -0.0885798 0.245542 -6.54481 0.503338 11.7808
218009 -0.0398199 -0.0436136 0.239985 12.5927 9.04599 -27.4862
218009 0.0130121 0.040821 0.241291 -3.7748 25.3596 -19.769
218009 0.0647761 0.118846 0.208943 -3.17716 17.3771 -22.0267
218009 0.0615947 0.151931 0.187116 2.43006 14.0959 -20.1341
218009 0.00311277 0.120473 0.156178 18.4843 -2.64053 -21.6242
218009 -0.0536917 0.0544712 0.12236 14.4599 -9.86397 -8.40349
218009 -0.104758 -0.036262 0.0975736 11.1549 -9.72299 -29.2477
218009 -0.111264 -0.0868233 0.0914972 -5.78764 5.56059 -9.76606
218259 -0.0808675 -0.0771789 0.0954595 -4.03412 1.10731 -9.50755
218259 -0.0249816 -0.0258326 0.121236 -0.585771 -3.49258 -20.8775
218259 0.0286361 0.0582278 0.149446 -6.8325 2.49682 -4.04346
218259 0.0631681 0.118593 0.182603 0.105301 2.3557 -20.6248
218259 0.0313386 0.144655 0.177086 -3.16125 7.26032 -4.22501
218259 -0.00834763 0.118335 0.147522 -1.56455 0.393572 -24.1352
218259 -0.0804186 0.0369446 0.115897 -3.39123 4.44984 -5.22353
218259 -0.0983509 -0.0422197 0.105379 -6.5308 -0.0206495 -28.1065
218259 -0.0879974 -0.0864771 0.10007 3.74895 4.67262 -1.37941
218259 -0.0379266 -0.0851375 0.130963 0.620429 1.55607 -28.9134
218509 0.0130316 -0.023028 0.171891 -10.4122 8.52138 3.15725
218509 0.0720219 0.054181 0.193633 5.00412 -1.73358 -35.037
218509 0.0697002 0.126155 0.210315 -24.2562 8.89701 1.86073
218509 0.055161 0.13199 0.194325 2.6544 -1.25009 -38.1494
218509 -0.0254668 0.0910317 0.185893 2.50139 -3.84751 5.50812
218509 -0.0798961 0.0185293 0.168689 -2.16738 -1.11062 -36.1625
218509 -0.12745 -0.0615869 0.164325 3.7564 19.4215 6.87747
218509 -0.112149 -0.0929056 0.185519 3.68115 -0.484836 -30.3334
218509 -0.0769505 -0.0532615 0.210423 22.2594 -18.2031 12.1342
218509 -0.00618061 0.0109802 0.220385 -5.58222 -8.85837 -35.1098
218759 0.0477209 0.0989475 0.218863 12.6731 -13.7901 5.90322
218759 0.0815245 0.155599 0.205882 -0.444025 -11.6499 -37.9825
218759 0.0360899 0.138939 0.192327 -3.56721 -5.91895 16.95
218759 -0.0158187 0.0888543 0.166435 -2.69034 -11.3949 -40.3118
218759 -0.0836699 0.00591063 0.140057 -6.04124 -12.3122 11.6811
218759 -0.0974142 -0.0649229 0.126213 -3.4095 18.7356 -28.8724
218759 -0.0831351 -0.074476 0.129977 -9.45018 -13.1756 8.83681
218759 -0.0268483 -0.0392534 0.145181 6.23375 -7.42603 -27.1685
218759 0.0214029 0.0412982 0.151432 -21.5697 6.45128 11.103
218759 0.0662474 0.109825 0.168538 -9.81277 2.51618 -33.929
219009 0.0431936 0.155602 0.165532 -10.5094 -3.40773 10.2895
219009 -0.00352457 0.138401 0.147883 5.99897 -12.0237 -28.9804
219009 -0.0775957 0.0687478 0.125795 1.89468 3.93043 16.3471
219009 -0.113014 -0.015351 0.10092 -9.27242 2.13791 -29.9937
219009 -0.110358 -0.0702134 0.0857056 14.9238 -12.5581 5.50564
219009 -0.061054 -0.0761302 0.084979 7.17585 -5.76168 -23.5111
219009 0.00643998 -0.0242844 0.107469 20.4786 -13.1061 -8.33918
219009 0.0723611 0.0428736 0.132609 -3.65939 18.0318 -20.4396
219009 0.0809447 0.116797 0.174519 -14.9772 19.6674 36.7195
219009 0.0588474 0.132859 0.182752 4.36313 3.81567 -21.8706
219259 0.000841228 0.1047 0.19688 -8.74992 16.9324 -3.35766
219259 -0.0638632 0.0388085 0.18417 17.9771 3.38798 -20.7731
219259 -0.10408 -0.0359684 0.186324 15.1015 4.00052 -22.3445
219259 -0.0973325 -0.0905053 0.191601 -0.939622 -7.90209 -21.4596
219259 -0.0601051 -0.0856109 0.222053 4.4473 -2.56033 -8.27062
219259 -0.00358643 -0.0331425 0.236466 -11.911 4.34514 -4.05823
219259 0.0600526 0.0530692 0.245424 6.99101 -14.6317 -9.41221
219259 0.0762946 0.12118 0.215255 -0.235064 -3.91772 -1.71988
219259 0.0631925 0.145993 0.202611 -1.60069 -5.4745 -15.6939
219259 -0.0116848 0.107868 0.166369 -3.43208 5.84694 -6.77543
219509 -0.070491 0.0336294 0.151951 14.1165 -7.47502 -19.8463
219509 -0.114889 -0.0430123 0.135734 -0.142716 7.3034 -6.6303
219509 -0.103367 -0.0850453 0.147895 -4.18063 -5.22279 -25.9496
219509 -0.0798173 -0.0589106 0.184364 -15.9169 12.4206 4.33004
219509 -0.00955538 0.00588252 0.206237 -2.99612 -0.680111 -28.3022
219509 0.028053 0.0808158 0.215001 -24.5786 10.6329 3.39901
219509 0.0583035 0.133721 0.21526 -2.45455 -3.81804 -38.3629
219509 0.0128441 0.136108 0.196618 -2.89348 8.03988 3.45575
219509 -0.0343396 0.0892977 0.174655 -0.132273 -2.51496 -35.3328
219509 -0.0951088 0.0119322 0.147631 2.02219 8.18214 6.41325
219759 -0.101055 -0.0690885 0.128094 -0.51107 0.0846194 -33.2391
219759 -0.085934 -0.0967627 0.106653 14.4268 -5.16235 12.1257
219759 -0.0197573 -0.075933 0.100493 -4.7835 -0.815543 -39.2544
219759 0.023434 0.00257459 0.119961 9.89713 -4.88969 10.3505
219759 0.0628658 0.0902971 0.152615 -2.27736 2.08502 -31.6803
219759 0.0392267 0.151453 0.176539 -2.44415 -12.3291 13.0953
219759 -0.0036038 0.146632 0.168454 -1.246 -10.6952 -36.4948
219759 -0.0728498 0.087061 0.165319 -8.90361 2.29434 17.6736
219759 -0.103674 2.45119e-05 0.178478 5.46806 -2.6111 -36.1936
219759 -0.10935 -0.0663959 0.173332 -24.1247 13.6599 14.1666
220009 -0.0661671 -0.0907591 0.204358 13.2932 1.39629 -30.3648
220009 -0.0105139 -0.046074 0.22941 -11.8681 -6.72603 12.0212
220009 0.060236 0.0243472 0.218125 1.4845 -2.07132 -30.6789
220009 0.0738036 0.0990621 0.227513 3.8019 -13.5861 20.0666
220009 0.0590593 0.144374 0.199563 -6.84768 2.84557 -27.2544
220009 -0.0114092 0.123548 0.167455 13.4106 -5.5354 6.32102
220009 -0.089379 0.0563762 0.158868 8.40354 -4.29765 -25.1739
220009 -0.131735 -0.0213697 0.132768 14.4757 -16.1829 -1.46455
220009 -0.131115 -0.0726027 0.154771 -10.5746 0.567249 -23.8431
220009 -0.0925643 -0.0577361 0.16521 8.24565 2.36653 18.8287
220259 -0.0168943 -0.00566681 0.184549 2.02304 -16.1616 -30.6934
220259 0.0330514 0.0742055 0.218111 -4.38028 11.4052 5.38948
220259 0.0661112 0.138473 0.206658 3.69373 22.3568 -21.6096
220259 0.0411594 0.151266 0.191374 -2.18881 14.5083 -19.9163
220259 -0.0243007 0.113789 0.173259 11.8789 11.5074 -8.43831
220259 -0.08136 0.0443702 0.155256 3.79873 -1.2523 -6.06506
220259 -0.115398 -0.0391516 0.16255 16.6473 -11.393 -6.74677
220259 -0.103523 -0.0718184 0.164072 2.58748 -6.63079 -8.0796
220259 -0.0626718 -0.0533662 0.182959 -4.35018 -1.83156 -14.1692
220259 0.000685582 -0.00547921 0.199945 0.727248 8.46983 -18.8267
220509 0.0503914 0.0722264 0.211738 6.43461 5.12966 -3.39857
220509 0.0745331 0.12781 0.219463 -0.705168 -3.1035 -22.542
220509 0.0246208 0.139836 0.187761 3.5791 -1.59653 -5.21741
220509 -0.0252866 0.100036 0.155675 -4.69896 1.23039 -27.8391
220509 -0.0939253 0.0143046 0.148175 -2.56032 9.63522 -6.25821
220509 -0.110629 -0.0607395 0.141949 -11.4884 -1.60398 -32.4153
220509 -0.0993377 -0.0875304 0.156298 -5.29959 4.85288 3.94771
220509 -0.0424726 -0.0752067 0.178213 4.69312 -2.88971 -30.5176
220509 0.0192149 -0.00734064 0.186233 -20.4874 20.8932 4.07717
220509 0.0689687 0.0644854 0.197171 5.86008 -2.38507 -38.6077
220759 0.0445575 0.119688 0.190969 -8.56095 2.20327 4.87903
220759 0.00856183 0.113267 0.168873 -0.545154 9.02855 -36.3156
220759 -0.0795456 0.0593417 0.152146 12.4552 -3.10858 9.31838
220759 -0.119318 -0.0165512 0.137056 -2.31452 -4.64017 -34.3582
220759 -0.123939 -0.0773917 0.142031 2.51559 13.8102 6.69954
220759 -0.0753193 -0.0851146 0.169456 -0.762641 0.734596 -32.2932
220759 -0.0115924 -0.0233507 0.205438 23.3232 -17.0162 9.20947
220759 0.0600792 0.0448724 0.231102 -3.82192 -1.07658 -37.8077
220759 0.0660314 0.119974 0.246494 17.2722 -8.95717 5.15876
220759 0.054863 0.138958 0.239371 -11.1656 -10.4441 -39.6855
221009 -0.0291781 0.0992865 0.21154 7.34653 -2.99746 12.4363
221009 -0.0851726 0.0304408 0.186553 -5.03285 -8.4952 -34.8942
221009 -0.127266 -0.0440622 0.166872 9.91259 -1.07866 15.1411
221009 -0.108172 -0.0802886 0.176614 -5.06495 2.87033 -27.9314
221009 -0.0654208 -0.0461364 0.187256 -4.35632 16.5078 10.5231
221009 0.00224156 0.0191155 0.198882 3.86686 -1.69515 -32.1503
221009 0.0311142 0.0966855 0.202076 -12.7204 0.794011 10.9947
221009 0.0421909 0.137963 0.195117 -5.08581 -10.7628 -35.357
221009 -0.0269822 0.112111 0.188356 -4.20442 8.28259 17.9745
221009 -0.0786204 0.0493399 0.185458 0.919307 1.90743 -33.3952
221259 -0.12677 -0.0279857 0.194601 8.97788 -7.0723 16.3227
221259 -0.123428 -0.074277 0.184328 2.07283 9.45521 -25.6833
221259 -0.0846757 -0.0573035 0.198168 -9.10175 -9.49293 24.1745
221259 -0.00890134 -0.00646204 0.197679 4.92203 -8.20988 -27.9197
221259 0.034682 0.0759931 0.194459 -20.4705 5.94936 12.015
221259 0.0609643 0.131771 0.192344 -6.86414 7.32365 -29.7384
221259 0.008698 0.141011 0.166144 -9.07575 1.84765 15.8367
221259 -0.0498417 0.103304 0.152671 7.48783 -4.66275 -29.9466
221259 -0.112736 0.0221323 0.155653 -8.9301 25.5193 18.8368
221259 -0.126303 -0.0463908 0.141801 7.10097 -7.65439 -27.2637
221509 -0.104297 -0.0661803 0.148629 -3.88458 3.68327 16.0464
221509 -0.0420087 -0.0420991 0.146884 -14.654 7.27304 -33.7245
221509 0.0140539 0.0350663 0.160207 -1.16295 -7.19136 17.5151
221509 0.0628711 0.10589 0.178766 4.21016 -12.4911 -31.8126
221509 0.034246 0.149401 0.196768 13.6727 -5.81458 11.2898
221509 -0.0156099 0.127656 0.181451 4.96736 -12.4352 -26.7732
221509 -0.0819911 0.057647 0.174176 10.7675 -2.49191 16.4133
221509 -0.115131 -0.0228001 0.171987 -6.8421 8.80208 -23.2269
221509 -0.106283 -0.0766116 0.168706 18.1896 -13.9755 4.89538
221509 -0.0620176 -0.0782827 0.171686 0.660491 -10.5778 -24.77
221759 -0.00233724 -0.0178374 0.191192 28.369 -22.0581 -1.38281
221759 0.0507648 0.0581505 0.187777 -5.35124 9.37165 -28.828
221759 0.0478108 0.131618 0.203864 20.8105 9.51377 12.4303
221759 0.0113996 0.141293 0.168608 -4.82491 22.3012 -13.5794
221759 -0.0490488 0.0976835 0.143556 -10.8744 -4.57997 22.8371
221759 -0.095722 0.0144262 0.129537 10.4645 5.17286 -20.1185
221759 -0.105674 -0.0610077 0.116785 -7.36575 -7.54318 14.0266
221759 -0.0718449 -0.0912629 0.129688 7.08947 -0.0653767 -12.1952
222009 0.0692732 0.0941168 0.215003 -6.22569 16.1374 -15.8445
222009 0.0470688 0.127654 0.194315 6.93167 -12.2978 -21.3069
222009 -0.00639242 0.10237 0.178248 6.92479 14.0437 -21.2713
222009 -0.0640202 0.0385614 0.156796 0.425791 -0.923161 -18.4946
222009 -0.0981901 -0.0361695 0.151816 23.1056 1.31793 -15.3368
222009 -0.087931 -0.0795901 0.168769 -5.84043 -2.33396 -13.5085
222009 -0.043072 -0.0624857 0.206214 1.89343 -7.58352 -10.0044
222009 0.0113739 -0.00599433 0.256486 -7.07045 -1.24237 -7.68668
222009 0.0654606 0.0680563 0.297641 7.05392 -15.6474 -0.718937
222009 0.0714606 0.11873 0.29161 -10.3237 -2.4857 -7.51507
222259 0.0457799 0.11892 0.307656 6.09449 -11.6132 -11.9235
222259 -0.0272608 0.0724249 0.279878 -5.52658 -15.4085 -11.6607
222259 -0.0887159 -0.00273244 0.27692 3.313 -1.11691 -17.7116
222259 -0.124232 -0.0630095 0.255028 6.33865 1.93982 -7.59115
222259 -0.105542 -0.0718569 0.250369 -4.12943 -2.52282 2.7694
222259 -0.0648347 -0.0230638 0.237767 11.7555 0.935653 -3.02334
222259 -0.000515737 0.0576171 0.223809 -4.25906 1.93723 -19.0279
222259 0.0195772 0.125455 0.196655 6.40302 -4.20489 -3.66041
222259 0.00904101 0.149159 0.17187 -2.87569 -4.25803 -20.0436
222259 -0.0592552 0.111363 0.14722 0.310756 10.0783 -6.85279
222509 -0.113897 0.0338066 0.149656 6.99517 -1.33809 -15.1092
222509 -0.155098 -0.0422822 0.144256 0.11991 4.80866 -4.38369
222509 -0.136028 -0.0797441 0.168805 0.592927 -6.21659 -20.7767
222509 -0.0995475 -0.0492989 0.194558 0.577219 4.69241 2.13354
222509 -0.0160467 0.0167975 0.209616 -2.2608 3.2975 -26.2356
222509 0.0305278 0.0901474 0.217654 -26.8454 16.5216 -1.53613
222509 0.0551981 0.137918 0.213315 -2.84097 -9.06918 -34.3331
222509 0.00346847 0.137366 0.195401 -0.737779 -5.84492 6.95417
222509 -0.0458566 0.0889737 0.178851 -4.93657 -2.35919 -28.0675
222509 -0.0979978 0.012895 0.147246 10.0588 -1.68407 3.5692
222759 -0.0940041 -0.0654126 0.14283 -3.60233 0.370511 -31.6743
222759 -0.0701697 -0.0756194 0.126572 -11.1206 13.3375 6.90051
222759 -0.00277133 -0.0492358 0.155604 7.86753 -2.04738 -35.4876
222759 0.0444045 0.0277247 0.180568 5.9468 -3.22697 2.19173
222759 0.0775892 0.103075 0.21793 2.56858 -4.20884 -36.4163
222759 0.0371548 0.137501 0.212803 -2.2772 11.892 5.6638
222759 -0.0171831 0.116236 0.194236 -4.32524 7.78814 -30.0422
222759 -0.0875697 0.0507946 0.189781 9.42258 -3.87382 13.1218
222759 -0.108934 -0.0380473 0.176781 0.360997 1.10882 -32.8996
222759 -0.107546 -0.0750018 0.173447 16.2086 -4.40251 14.7193
223009 -0.0535777 -0.064278 0.190175 2.2857 -6.59206 -30.7756
223009 0.00598776 -0.000969977 0.212204 8.8678 -0.422538 11.1489
223009 0.0680474 0.0731701 0.213812 2.74759 -3.91869 -36.5194
223009 0.0574416 0.130075 0.19522 -8.54976 -8.09776 11.6813
223009 0.0222466 0.134336 0.154903 -3.95038 -10.5818 -42.8629
223009 -0.0518894 0.0833177 0.121632 -2.56595 8.85616 13.7449
223009 -0.0949469 -0.00310767 0.0982024 -2.72064 7.06578 -33.2427
223009 -0.109893 -0.0621209 0.095487 -17.0249 14.6735 17.0751
223009 -0.0722715 -0.0813717 0.131755 8.19442 6.75983 -30.5534
223009 -0.0226491 -0.0412276 0.182724 -14.4219 -4.61959 10.6817
223259 0.0549141 0.0288991 0.213358 -0.676916 -0.307427 -31.5073
223259 0.0769441 0.0994127 0.244151 1.76564 -6.56258 9.7349
223259 0.0690962 0.146534 0.232642 -4.38157 6.94669 -32.4783
223259 0.00454153 0.121564 0.213068 -3.8316 -9.16364 16.77
223259 -0.0666338 0.0518625 0.198857 18.9901 -10.9365 -23.1756
223259 -0.112069 -0.0273729 0.193393 2.61027 -7.47287 13.6441
223259 -0.1192 -0.0841271 0.187038 3.05662 -13.5313 -28.7947
223259 -0.0878107 -0.0641249 0.205794 14.2543 -6.55603 8.38495
223259 -0.0151253 0.00250071 0.207155 -18.9933 5.92741 -30.6245
223259 0.0286334 0.0912489 0.215493 34.8385 -7.07584 4.00994
223509 0.0569642 0.148924 0.208567 4.9819 -25.3058 -30.6656
223509 0.0182761 0.148195 0.215591 25.3595 1.75704 14.645
223509 -0.0498234 0.0934835 0.221136 -6.89935 -1.58615 -24.6722
223509 -0.102416 0.0264413 0.234397 -2.9739 -10.6161 38.1907
223509 -0.124191 -0.0508321 0.223604 -8.00373 1.80528 -24.6671
223509 -0.108063 -0.0694566 0.235304 1.10236 1.45102 9.18596
223509 -0.041706 -0.0482544 0.220291 13.3062 -7.32587 -30.6253
223509 0.0126256 0.0258682 0.229477 -22.6268 15.5168 5.90311
223509 0.0631579 0.10419 0.207766 4.0129 22.076 -26.7467
223509 0.0480507 0.153002 0.188172 -10.4527 11.3783 -17.7819
223759 -0.0142989 0.133848 0.160787 15.2093 15.7696 -22.6005
223759 -0.0677657 0.0761855 0.156412 11.2506 9.53555 -30.8373
223759 -0.10893 -0.0119181 0.162319 11.6214 0.384505 -21.9333
223759 -0.108756 -0.0666254 0.171221 20.7758 -0.563029 -13.9127
223759 -0.068378 -0.0793181 0.184836 4.99281 -2.34527 -18.3816
223759 -0.0106255 -0.0290012 0.210143 6.20802 -4.49209 2.73244
223759 0.0492602 0.0593742 0.238262 0.329734 -6.37394 -18.2206
223759 0.0675449 0.129164 0.264485 -4.39985 -6.80891 -14.7746
223759 0.0304058 0.154637 0.227467 -2.31487 -13.4728 2.13051
223759 -0.0198017 0.117459 0.19834 -0.677579 -5.77457 -19.0706
224009 -0.0877796 0.0317135 0.166459 6.14391 -5.16916 -4.05284
224009 -0.104098 -0.0391591 0.158672 -2.43729 0.424093 -14.1326
224009 -0.0797855 -0.0757256 0.158552 0.0927178 -2.33636 -3.01102
224009 -0.0286646 -0.0583992 0.173204 -0.504814 -0.810341 -20.3337
224009 0.024345 0.00838912 0.179745 1.03623 9.76193 -10.4587
224009 0.0594829 0.0806746 0.18563 -5.81048 0.807284 -21.1102
224009 0.0351375 0.136518 0.170193 -1.02792 0.536169 -5.22368
224009 -0.00159612 0.127822 0.149746 1.47492 -1.40611 -24.826
224009 -0.0740115 0.0634889 0.126994 -2.4695 0.99559 -8.60551
224009 -0.103675 -0.0132769 0.122568 -8.85813 0.817806 -24.2146
224259 -0.107856 -0.0747854 0.135204 2.69194 6.33015 -1.85415
224259 -0.0645997 -0.079521 0.177646 -1.21561 -1.20048 -27.8549
224259 -0.0130966 -0.0218139 0.230719 -1.6446 -4.58631 1.70065
224259 0.0562909 0.0483614 0.269548 1.17674 -10.5321 -34.8084
224259 0.0648456 0.114761 0.285406 -22.3411 13.2028 0.318351
224259 0.0613329 0.129779 0.298455 0.182341 0.537152 -32.0733
224259 -0.0155907 0.0929307 0.287289 -11.3286 15.7978 0.627672
224259 -0.0705589 0.0267048 0.286295 -4.15546 5.15149 -32.2677
224259 -0.122202 -0.0467011 0.273777 0.322041 9.85213 3.78574
224259 -0.117008 -0.0792362 0.279764 1.5808 0.199997 -34.7006
224509 -0.0874965 -0.0432384 0.265978 8.54943 2.28008 4.26723
224509 -0.0232933 0.0222032 0.269372 -1.07735 -2.31172 -38.5752
224509 0.0095499 0.0978651 0.243536 8.10898 -5.87025 6.41621
224509 0.0258627 0.142569 0.222607 -4.2181 4.01787 -36.3551
224509 -0.0368526 0.135005 0.189372 -3.56827 12.3155 7.22357
224509 -0.0847913 0.0842599 0.183085 -8.12461 -7.65838 -39.8269
224509 -0.136448 -0.000239774 0.150799 -1.38765 14.0986 13.4486
224509 -0.130752 -0.0586842 0.142579 0.0720672 -3.15542 -31.4188
224509 -0.0964718 -0.0606012 0.135244 0.49089 6.9557 8.91124
224509 -0.0189422 -0.0250345 0.137602 -2.03124 2.31477 -34.3853
224759 0.0330554 0.0610699 0.147136 -3.25331 2.12687 10.5217
224759 0.0718614 0.118287 0.16195 -0.0163009 -4.64403 -36.0201
224759 0.0361126 0.143537 0.173694 -0.739603 -1.26173 9.37763
224759 -0.0144315 0.12313 0.169003 0.82669 1.71118 -37.0486
224759 -0.0831117 0.0498584 0.176007 -7.12145 0.687716 16.5852
224759 -0.102928 -0.0254492 0.187559 9.0681 12.0763 -32.0052
224759 -0.0959917 -0.0692518 0.186633 -5.30432 0.617811 16.6029
224759 -0.0459848 -0.0635205 0.196262 4.81349 -8.51326 -28.7793
224759 0.0121118 0.00451873 0.202797 -18.6473 -0.133105 10.0681
224759 0.0673271 0.0748662 0.205113 -16.24 3.66451 -33.2267
225009 0.0536698 0.147204 0.210806 -11.6851 0.824388 15.1176
225009 0.0190556 0.156949 0.18592 3.3134 -9.42675 -27.025
225009 -0.0518931 0.104583 0.1552 -7.40482 11.7142 22.241
225009 -0.0948992 0.021603 0.132949 -5.81635 -0.367832 -26.7636
225009 -0.101911 -0.0638105 0.133426 -1.86417 -4.08862 10.9247
225009 -0.0687539 -0.0921366 0.146919 -16.2451 6.25337 -28.6475
225009 -0.0143675 -0.0452575 0.187772 12.2998 -16.1007 11.2916
225009 0.0490907 0.0143454 0.219355 13.4178 -13.1358 -26.8188
225009 0.0697669 0.0995948 0.24113 31.9944 -2.96 -3.52995
225009 0.0535594 0.138716 0.219587 -1.03453 9.82767 -19.678
225259 -0.00423178 0.117792 0.212869 24.5618 -2.54217 20.7688
225259 -0.0723248 0.0591303 0.178336 -9.97116 -0.238049 -5.35974
225259 -0.111189 -0.0192215 0.17178 -2.69395 -9.96391 26.364
225259 -0.10982 -0.0727067 0.176917 6.078 8.46518 -24.1924
225259 -0.0708233 -0.0546496 0.194855 2.65977 1.48718 7.53452
225259 -0.0104921 -0.00351748 0.212033 11.4379 17.7147 -24.1442
225259 0.040964 0.0840457 0.224031 -22.7532 12.0091 5.73649
225259 0.0611876 0.134965 0.215391 6.7159 3.23245 -16.2
225259 0.0259535 0.140558 0.212364 -6.85288 20.4331 -19.9362
225259 -0.0410422 0.0935308 0.1962 7.09981 -3.51902 -8.05778
225509 -0.0943222 0.0195993 0.196169 17.2056 -1.36933 -22.4301
225509 -0.128623 -0.0476715 0.188904 6.70895 -2.04557 -23.1601
225509 -0.109927 -0.0691954 0.193151 4.66732 3.90861 -6.52335
225509 -0.0588156 -0.0376221 0.210952 -6.19185 -2.84506 -4.86769
225509 0.0128901 0.0406587 0.205497 3.35428 -13.1964 -10.4581
225509 0.0472741 0.102924 0.196327 1.79911 1.67712 -7.73096
225509 0.0502041 0.144496 0.172739 -1.56256 -12.5172 -22.6722
225509 -0.01432 0.126812 0.160056 -8.40534 5.51172 -3.99082
225509 -0.070706 0.0639568 0.149943 -0.536956 -1.26404 -22.968
225509 -0.122538 -0.0119594 0.140541 -2.68899 8.74306 -4.42889
225759 -0.11737 -0.0693963 0.151772 0.977888 3.67585 -19.2177
225759 -0.0893771 -0.0719242 0.160237 -3.68621 7.21749 5.63824
225759 -0.0112885 -0.0318314 0.194857 -2.18122 2.66374 -26.4196
225759 0.039966 0.0474335 0.221074 -27.7631 21.8907 2.88673
225759 0.0787906 0.118168 0.253644 -0.734769 -4.20049 -34.5472
225759 0.0363614 0.147536 0.22179 -11.5775 4.51436 6.36497
225759 -0.0131923 0.111206 0.208178 2.83015 -0.821613 -34.6885
225759 -0.0856376 0.0336007 0.189719 12.235 -3.407 5.79153
225759 -0.10663 -0.0529146 0.182629 -2.6048 -4.78816 -36.188
225759 -0.105864 -0.0822462 0.193767 14.0955 8.43518 7.43271
226009 -0.0477165 -0.0666949 0.207946 6.39229 2.09423 -35.8022
226009 0.0113747 -0.00243794 0.227544 17.504 -21.2529 6.97697
226009 0.0699633 0.0768274 0.228747 -0.779914 -2.15153 -39.5454
226009 0.0575597 0.132031 0.21936 13.1851 -6.1096 4.39301
226009 0.0206736 0.13285 0.187628 -5.98029 4.96321 -31.5231
226009 -0.0521533 0.0786683 0.148489 -8.25618 4.63299 13.0694
226009 -0.0865584 -0.00741004 0.120817 0.654583 -7.2223 -36.1965
226009 -0.0922671 -0.0715128 0.0991788 5.25996 -7.27809 17.7723
226009 -0.0442633 -0.0886442 0.113587 -9.09105 -2.95994 -32.1632
226009 0.0061525 -0.0312056 0.146842 -5.82201 20.5836 15.4995
226259 0.0672221 0.042447 0.179187 0.333762 -7.03655 -36.7838
226259 0.0716826 0.109282 0.214534 -7.39556 3.80403 9.3892
226259 0.051412 0.140465 0.215807 -2.75257 -9.44518 -31.6294
226259 -0.0228638 0.100911 0.191165 -12.6901 3.36334 10.5176
226259 -0.082066 0.0160299 0.180124 3.76458 2.85233 -30.5497
226259 -0.11588 -0.0605473 0.158056 -27.9616 24.814 15.2412
226259 -0.0974815 -0.0954034 0.178851 8.56788 4.50328 -25.9089
226259 -0.0540663 -0.0532963 0.208782 -13.2232 6.11656 12.4032
226259 0.0188466 0.0205827 0.23533 -5.73236 -0.192038 -29.4961
226259 0.0506943 0.0965215 0.265606 -0.288721 -12.1875 16.8914
226509 0.0620956 0.156501 0.255244 -1.04294 2.05076 -32.257
226509 0.00962704 0.146276 0.242473 19.3962 -11.2786 19.1216
226509 -0.0667947 0.084937 0.223347 5.60346 -8.33008 -26.0584
226509 -0.123807 0.00528986 0.20688 24.3008 -21.8248 13.4618
226509 -0.144369 -0.0617795 0.20708 -4.93155 -0.443393 -30.852
226509 -0.116408 -0.062255 0.211647 18.9462 -5.10153 3.6784
226509 -0.0443357 -0.0197735 0.213114 -6.29876 -8.08274 -29.3863
226509 0.00707675 0.061562 0.219431 21.0342 13.0534 23.3787
226509 0.0514891 0.128056 0.203154 -1.58895 -6.37657 -26.1056
226509 0.0275179 0.152551 0.194882 -21.9219 13.4889 18.8485
226759 -0.0349456 0.117559 0.181489 7.36462 18.3607 -22.3768
226759 -0.0874649 0.0480557 0.167875 -20.3771 6.19563 18.8136
226759 -0.11993 -0.035866 0.164937 8.65173 1.27325 -28.3528
226759 -0.107804 -0.0718317 0.164526 14.3039 10.3169 -36.686
226759 -0.0570133 -0.0677791 0.186101 10.9454 2.28772 -23.0483
226759 0.00458271 -0.0114664 0.212388 11.8069 7.02069 -13.0925
226759 0.0575569 0.0739305 0.226913 -1.95545 0.399328 -22.5645
226759 0.0658467 0.13251 0.247137 0.333636 -2.33823 -0.621927
226759 0.0229313 0.144043 0.218729 11.0109 -17.9445 -26.0666
226759 -0.0322584 0.0993981 0.204003 6.24242 -18.5104 -14.9082
227009 -0.100905 0.00628045 0.185202 10.9265 -0.900382 -11.2022
227009 -0.117214 -0.0640192 0.184392 -4.83082 -6.1222 -9.29689
227009 -0.0968625 -0.0788658 0.20399 -5.06345 -3.12973 -2.07803
227009 -0.0376982 -0.0512629 0.23743 -6.46454 0.967405 -16.1787
227009 0.0299988 0.019423 0.248929 -5.49995 8.38278 -4.41984
227009 0.0751096 0.0895 0.254798 -3.37986 3.31398 -19.6714
227009 0.0567066 0.145705 0.223545 -2.65636 0.467322 -4.96866
227009 0.0239147 0.138454 0.189372 1.26065 -1.49233 -28.7778
227009 -0.0560208 0.0706529 0.132963 2.00098 8.3369 -6.24378
227009 -0.0902463 -0.0182523 0.101536 -6.09419 1.44032 -30.1312
227259 -0.0976927 -0.089133 0.0894008 0.561857 7.3551 5.01955
227259 -0.0503544 -0.0922549 0.112118 9.49761 0.425303 -35.5281
227259 0.00121458 -0.020056 0.157829 -22.9394 21.8212 2.37794
227259 0.0659278 0.0540757 0.197953 1.52915 -4.47033 -42.3252
227259 0.0702871 0.118283 0.233985 -17.8289 7.20696 4.68235
227259 0.0578674 0.131398 0.234115 0.972044 3.85396 -34.6132
227259 -0.0267558 0.0917412 0.237708 11.8896 -5.72172 2.70207
227259 -0.0836322 0.0262704 0.246075 1.17066 -0.733013 -38.777
227259 -0.127388 -0.036203 0.243627 0.267512 17.5308 5.41328
227259 -0.115908 -0.0658621 0.253149 -0.498602 -8.97283 -31.1703
227509 -0.0686081 -0.0318574 0.256754 19.7105 -16.943 9.87845
227509 0.00577487 0.0354588 0.253878 -4.14458 -5.56083 -33.9923
227509 0.0482211 0.115072 0.252458 22.6929 -13.0198 6.40654
227509 0.0645009 0.154853 0.243048 -5.74275 -12.6591 -38.6827
227509 -0.00263617 0.145823 0.225114 -3.62799 0.835094 15.0624
227509 -0.0695879 0.0926733 0.213506 1.38471 -11.2071 -37.1934
227509 -0.132403 0.00696599 0.184138 -15.5337 -16.5207 14.3248
227509 -0.142215 -0.0549488 0.19105 -6.79128 10.2593 -35.5398
227509 -0.110436 -0.0546732 0.183787 -1.35781 14.8809 18.0925
227509 -0.0381995 -0.0164054 0.188313 9.24679 2.8431 -32.8389
227759 0.0157356 0.0688166 0.19826 -17.428 12.9901 11.5759
227759 0.0576022 0.128833 0.190302 -2.49322 0.746902 -30.7901
227759 0.0208412 0.156213 0.180059 -1.64472 8.12076 18.5878
227759 -0.0309438 0.133133 0.158142 6.16018 5.67085 -27.5287
227759 -0.103688 0.0528964 0.140121 -3.9728 7.25682 16.9056
227759 -0.134996 -0.0299326 0.151566 2.1535 -6.44475 -28.9343
227759 -0.122322 -0.0855092 0.15608 -19.2958 3.50295 15.9802
227759 -0.0734743 -0.0873157 0.193646 -19.8113 10.2731 -33.201
227759 0.00117012 -0.0138529 0.227479 6.76634 -15.1275 13.8605
227759 0.067178 0.0617962 0.247107 1.67894 -1.83589 -27.2475
228009 0.0734479 0.144361 0.25373 32.7006 -8.33156 8.31283
228009 0.0460838 0.158247 0.218152 1.93073 10.0941 -25.5731
228009 -0.0168409 0.115821 0.176178 20.6075 -8.48973 3.05096
228009 -0.0707423 0.0355128 0.151771 0.249231 3.02023 -30.1993
228009 -0.0824068 -0.0522421 0.138957 3.4529 -4.39357 8.64145
228009 -0.0564868 -0.0923998 0.150482 13.5532 1.45314 -14.7803
228009 -0.00892473 -0.0559753 0.18818 8.4024 6.89872 19.1538
228009 0.0494795 0.0116238 0.21631 1.0932 12.3887 -19.1917
228009 0.0745526 0.0969854 0.252113 -9.33912 10.4183 14.831
228009 0.0654901 0.144612 0.24097 1.94313 -7.35498 -2.05209
228259 0.00888861 0.136232 0.234019 -12.3961 20.3157 -8.66334
228259 -0.0670894 0.0790864 0.212212 19.0434 1.01691 -25.5192
228259 -0.106754 -0.00213317 0.207905 17.349 -0.498315 -11.0812
228259 -0.111222 -0.0658124 0.197123 2.9424 -4.37801 -19.1654
228259 -0.0733577 -0.0610028 0.198256 8.41493 4.22127 -4.81598
228259 -0.0108455 -0.00367053 0.217327 -4.77089 0.233156 -2.92297
228259 0.0543392 0.0843286 0.232426 6.28773 -9.51417 -10.0352
228259 0.0713959 0.141497 0.234262 -6.35527 -3.98172 -6.11145
228259 0.0524515 0.152319 0.222649 3.69177 -9.20553 -12.2906
228259 -0.019756 0.109772 0.191807 3.75944 -9.20983 -8.78047
228509 -0.0835205 0.0278253 0.18845 2.91891 -6.67121 -18.1158
228509 -0.133518 -0.0497577 0.185335 3.802 4.63444 -6.63785
228509 -0.121962 -0.0872766 0.205886 -3.8184 -1.22248 -21.7743
228509 -0.084319 -0.052642 0.229224 -8.28946 6.69766 0.46158
228509 -0.00313411 0.0123775 0.246769 -8.97684 5.69658 -25.1656
228509 0.0415314 0.0890168 0.256695 -22.6829 14.0418 1.76426
228509 0.0678056 0.150251 0.258915 -1.84202 -2.77494 -34.9844
228509 0.0155083 0.145745 0.237937 -3.77723 4.6935 2.66527
228509 -0.0444701 0.0945578 0.202819 -2.37428 -4.81407 -33.1326
228509 -0.109286 0.0208576 0.140371 4.31131 6.94727 6.31939
228759 -0.115517 -0.0592283 0.123782 4.96049 1.68806 -35.4537
228759 -0.0862498 -0.0787222 0.0878527 3.01065 1.99527 7.10728
228759 -0.0101879 -0.047872 0.104208 4.52977 -2.66633 -34.5934
228759 0.0398134 0.0341175 0.123879 24.135 -20.0314 8.88376
228759 0.0744044 0.110523 0.171974 3.67125 -2.02461 -37.6779
228759 0.0401923 0.146577 0.197916 4.88573 -9.74812 12.3961
228759 -0.00618133 0.127551 0.208779 -5.5672 2.84908 -35.1361
228759 -0.0815861 0.0578046 0.203793 -22.3809 12.5104 18.1652
228759 -0.108273 -0.030256 0.214669 -0.619749 -5.24145 -35.4206
228759 -0.10902 -0.0755197 0.235747 8.2492 -2.59594 17.086
229009 -0.0619826 -0.0740163 0.26178 -10.3683 9.60319 -34.2979
229009 -0.00335321 -0.00631489 0.284309 -4.88156 18.3173 17.2833
229009 0.0704821 0.0734275 0.2885 -1.18771 -3.16718 -37.3171
229009 0.0741242 0.139499 0.281469 -15.0797 14.781 10.2547
229009 0.0538743 0.160745 0.242871 -2.4241 -3.38341 -33.6961
229009 -0.0210907 0.112938 0.197264 -8.37088 3.6685 14.7288
229009 -0.078445 0.0264841 0.139432 10.2812 7.93515 -29.1692
229009 -0.103792 -0.0622481 0.116893 -24.7113 10.1431 18.6049
229009 -0.0748605 -0.102605 0.114987 9.15841 -0.30232 -26.6122
229009 -0.0289308 -0.0498929 0.14114 -15.8061 -3.24518 12.8176
229259 0.0381165 0.03561 0.163406 -15.2916 2.48219 -25.3645
229259 0.0594407 0.116385 0.187013 1.47848 -11.416 17.2076
229259 0.0541547 0.162446 0.176007 -1.68787 -0.382959 -30.0925
229259 -0.00746935 0.141204 0.179327 21.5276 -11.3273 7.37735
229259 -0.0790712 0.0664966 0.177137 0.0286141 -0.558936 -26.2155
229259 -0.121406 -0.0093879 0.187777 18.965 -6.06308 -1.88882
229259 -0.132803 -0.0651186 0.219307 -12.5776 5.52566 -24.5147
229259 -0.0989141 -0.0493206 0.250311 19.0153 -2.57996 22.7845
229259 -0.0229318 0.00942888 0.290668 0.65599 -7.86512 -31.1063
229259 0.0324394 0.0922417 0.296382 11.0684 1.26544 18.2178
229509 0.0710517 0.155343 0.284419 6.10438 -3.12985 -23.8504
229509 0.0416449 0.167855 0.260806 -25.2028 3.48848 22.2287
229509 -0.0372441 0.125222 0.197918 -13.6707 16.6655 -33.16
229509 -0.106409 0.0526074 0.168688 -2.10746 12.542 -20.3156
229509 -0.152855 -0.038627 0.144291 10.884 8.65847 -19.1626
229509 -0.144573 -0.0710231 0.142209 14.8926 13.048 -14.2172
229509 -0.0858715 -0.0419742 0.16871 8.39169 -0.600098 -22.512
229509 -0.012968 0.0234614 0.189279 9.18732 -5.31968 -10.0793
229509 0.0469692 0.100327 0.219326 4.84147 -8.47691 -26.3129
229509 0.0579191 0.152736 0.227942 -3.97517 -8.38342 -16.5896
229759 -0.000683529 0.14642 0.174978 -3.46591 -10.736 -6.31194
229759 -0.0525923 0.0991394 0.155223 1.63266 -2.12057 -12.705
229759 -0.108905 0.0190121 0.117859 -0.374522 -1.41559 -5.27087
229759 -0.115569 -0.0537104 0.118185 -0.735356 2.54035 -14.3185
229759 -0.0866726 -0.0799579 0.139081 10.306 3.61858 -1.20866
229759 -0.0233673 -0.0557141 0.161837 -2.51071 -0.410249 -17.9061
229759 0.0381942 0.0182908 0.20489 15.8175 -6.32445 -9.61151
229759 0.0816915 0.0840113 0.226781 0.404574 -5.89256 -33.4536
229759 0.0503288 0.136813 0.20373 -7.69993 -4.6882 -3.5087
229759 0.011812 0.125707 0.200291 -0.348181 -3.41782 -27.6252
230009 -0.0686259 0.0647595 0.163245 -9.842 16.8197 3.53313
230009 -0.0976098 -0.0159223 0.152216 -5.87198 5.83262 -30.8945
230009 -0.0988738 -0.0743422 0.162023 0.560257 4.70539 5.44125
230009 -0.0519154 -0.0834657 0.188272 5.59219 2.79535 -33.8498
230009 0.00218512 -0.0223433 0.245691 -6.76761 14.1969 7.33149
230009 0.0647448 0.0532432 0.277665 1.38965 -0.919416 -40.5013
230009 0.0708956 0.132015 0.279338 -0.267966 -3.41433 6.72319
230009 0.0645109 0.154171 0.287492 -4.2436 4.43349 -37.4277
230009 -0.0197159 0.111939 0.257101 9.97336 -14.5382 7.09757
230009 -0.078812 0.0364207 0.26738 -3.58931 -4.80388 -36.1911
230259 -0.129567 -0.0397073 0.244456 3.55066 11.8385 10.1861
230259 -0.128766 -0.0648723 0.252771 -3.58008 -7.23964 -33.2174
230259 -0.0916393 -0.0267321 0.269327 8.49509 -4.62443 12.1765
230259 -0.0189931 0.0329878 0.273594 -2.30342 -1.25282 -36.5542
230259 0.0199442 0.119145 0.273793 -3.35561 1.35403 11.2441
230259 0.0400505 0.168111 0.250597 -4.47937 0.826745 -33.1506
230259 -0.0202745 0.151695 0.222255 -0.754927 0.905076 18.1983
230259 -0.0856056 0.0948908 0.198099 3.69079 3.77235 -33.2802
230259 -0.150294 0.00883319 0.18559 -14.1348 9.68341 16.9062
230259 -0.16409 -0.0548687 0.197298 4.39688 13.5017 -29.8282
230509 -0.130432 -0.0589851 0.204753 -18.2922 0.836932 12.085
230509 -0.0573376 -0.0216768 0.229411 -0.392384 -12.8981 -26.9943
230509 0.0134303 0.063424 0.256243 -22.0616 2.30783 10.3884
230509 0.0637249 0.126311 0.254119 -11.5152 5.73738 -31.4148
230509 0.0366428 0.16392 0.222807 -14.0017 0.392994 12.3662
230509 -0.0161099 0.135704 0.180335 6.18015 -8.75681 -29.7207
230509 -0.0848425 0.0612956 0.13039 -1.48409 2.53769 22.1633
230509 -0.108836 -0.0192673 0.121391 -9.44914 5.59233 -23.4294
230509 -0.0907397 -0.0741506 0.101777 10.5247 -9.64969 -2.23797
230509 -0.0348923 -0.0689721 0.11647 -3.96104 0.234639 -24.2857
230759 0.0316972 -0.00401986 0.157064 32.3384 -14.5155 -2.33337
230759 0.0843752 0.0637555 0.187516 0.765098 -1.89204 -33.0401
230759 0.0754067 0.129632 0.228938 20.8549 6.94697 26.0257
230759 0.0307118 0.142657 0.216938 -2.36318 32.9442 -13.1595
230759 -0.0326225 0.105937 0.204542 -24.466 16.1858 23.3788
230759 -0.0881535 0.0271672 0.200529 17.2037 4.50658 -13.8685
230759 -0.10426 -0.0463644 0.188265 -1.00671 -2.38973 -17.4493
230759 -0.0791211 -0.0698453 0.192967 6.33474 -6.50551 -18.2152
230759 -0.0212916 -0.0346893 0.2096 -5.44994 11.7075 -16.4788
230759 0.0439936 0.0225838 0.197701 -6.97945 -7.31542 -18.2387
231009 0.0681498 0.0992706 0.206589 4.96684 10.0359 -15.383
231009 0.0343294 0.141578 0.155169 -13.9585 -6.67278 -11.5798
231009 -0.0218783 0.124574 0.135224 7.73664 -11.5576 -12.2586
231009 -0.0945024 0.0659008 0.13189 1.56023 -6.65588 -4.36492
231009 -0.129804 -0.0158999 0.12306 0.898098 -11.0057 -9.46728
231009 -0.132175 -0.0652197 0.170011 11.1699 -0.489313 -4.46981
231009 -0.0800232 -0.057976 0.2071 -5.76335 0.396118 -17.9082
231009 -0.0219971 -0.0051802 0.255681 12.2456 -4.34517 -5.82568
231009 0.0544955 0.0643818 0.293068 2.58244 8.46202 -21.4584
231009 0.0731848 0.121806 0.275481 -4.22795 -0.756047 -2.13504
231259 0.0655093 0.133881 0.270263 -1.69326 -3.89488 -26.8
231259 -0.011217 0.0987178 0.230825 -2.17367 15.0171 0.0246855
231259 -0.0807132 0.0194888 0.216457 -0.160407 0.968812 -24.2676
231259 -0.133176 -0.0504762 0.194684 11.1904 3.47947 5.09283
